50.723	78.854	72.787
82.691	73.985	24.561
85.463	81.861	81.461
88.635	86.916	7.328
69.23	81.267	4.227
69.172	40.871	19.776
25.994	53.355	79.549
89.572	86.604	55.727
23.487	73.17	85.767
49.226	41.577	25.401
69.496	4.103	52.159
67.755	5.298	20.595
84.957	88.83	84.803
29.557	80.392	89.275
69.727	14.751	12.714
77.777	47.718	33.938
85.82	0.775	17.134
16.746	73.053	7.402
79.532	4.248	6.6
89.684	86.937	83.49
76.355	84.752	26.662
77.703	83.046	4.689
5.216	82.777	3.626
81.035	86.094	66.744
2.063	60.354	86.46
14.198	25.553	4.312
37.901	12.258	45.965
57.54	85.863	72.471
8.592	86.432	4.194
66.447	6.895	34.657
75.476	3.468	4.98
88.885	81.63	88.753
20.051	33.812	22.676
18.37	79.557	11.014
8.732	53.144	67.711
85.652	16.504	8.141
84.139	89.236	88.261
15.884	18.729	68.634
7.312	31.307	77.492
16.834	51.725	9.174
79.173	87.824	7.001
4.213	79.767	87.435
45.661	3.877	32.735
7.281	82.265	89.753
17.04	13.632	84.93
44.543	6.982	41.167
24.528	59.304	75.943
16.054	66.06	28.021
13.569	84.766	7.21
84.952	88.788	0.964
26.165	78.938	87.517
89.951	86.977	85.864
2.282	27.419	87.058
88.827	88.66	20.965
79.769	89.531	78.165
85.754	89.586	62.086
35.012	75.932	3.087
71.048	28.749	43.43
3.249	71.511	0.407
10.72	81.711	87.031
89.882	82.555	14.247
81.68	82.267	6.782
35.078	73.079	47.078
14.574	18.21	75.69
75.879	85.921	12.55
2.601	62.974	85.399
39.615	76.079	61.286
24.745	43.785	64.39
11.761	58.614	82.073
87.995	87.66	10.756
86.427	63.419	74.962
10.849	33.55	79.491
1.269	52.2	73.858
1.093	88.451	83.466
79.406	79.808	22.295
3.716	81.679	82.636
51.536	41.254	51.492
89.272	89.346	4.96
15.357	78.796	2.763
16.148	89.507	5.573
77.681	87.101	28.373
1.931	78.722	88.105
34.435	73.799	69.908
83.988	86.45	55.299
63.723	81.355	16.985
80.159	18.548	18.381
89.569	85.047	58.872
9.984	55.101	2.304
11.371	30.778	0.596
25.382	69.115	86.185
5.26	61.452	11.687
6.095	14.888	0.706
61.693	58.051	28.422
11.14	21.808	79.186
2.631	64.264	4.793
7.323	57.967	7.312
81.367	79.68	0.115
8.056	83.166	88.39
13.044	85.454	82.529
5.735	87.15	1.307
18.71	6.536	58.551
75.86	66.028	27.395
38.799	48.668	82.727
24.316	13.58	60.808
0.942	62.589	7.976
78.519	6.506	11.555
89.654	85.061	7.971
0.629	75.704	30.084
80.584	72.662	60.569
83.012	89.935	61.042
9.278	2.492	86.803
79.642	83.951	23.484
85.96	88.753	77.887
32.166	68.838	70.845
12.44	11.343	84.584
4.433	62.67	89.039
9.273	8.273	79.31
62.061	11.745	21.408
88.627	81.999	7.518
83.685	86.262	17.757
2.612	66.869	25.39
75.39	11.991	8.465
81.345	79.106	30.507
12.602	7.388	75.443
83.474	87.707	0.203
32.647	13.72	66.483
7.114	74.2	77.917
72.383	5.717	12.893
78.214	48.133	17.087
87.053	89.029	25.467
3.969	63.127	78.428
80.431	86.39	8.894
80.244	27.552	65.552
3.488	45.009	19.779
68.54	13.248	40.181
89.978	85.368	21.984
0.316	80.449	86.482
80.156	89.243	21.169
8.559	70.781	11.346
56.867	5.717	33.88
63.193	7.36	36.72
20.751	81.375	14.365
78.404	85.458	0.794
10.531	75.903	88.857
87.652	9.118	3.194
84.435	80.557	23.369
79.818	85.054	1.675
0.324	66.808	76.561
5.812	30.279	80.931
89.099	89.169	3.447
61.393	83.247	0.423
79.76	85.333	87.602
79.887	86.674	79.722
8.918	55.59	78.969
81.277	84.645	16.153
89.544	89.042	11.953
84.531	87.028	65.511
49.391	77.577	74.58
53.824	85.907	42.7
15.958	89.168	80.543
86.355	89.904	83.235
82.048	83.896	78.662
70.6	6.365	25.725
10.424	85.14	86.836
83.828	89.862	84.482
0.939	78.683	87.179
30.051	84.41	77.703
23.674	26.693	73.355
23.783	14.027	66.431
19.955	69.261	80.049
12.646	84.167	87.407
4.084	87.551	88.695
1.736	82.491	5.356
9.965	69.702	0.525
73.863	9.184	10.149
66.23	39.21	85.224
2.648	5.521	16.095
88.338	89.656	63.231
0.025	36.845	80.049
85.372	82.006	27.371
5.914	78.833	88.099
11.168	80.314	1.958
5.164	83.647	74.289
23.783	74.158	11.525
10.275	29.937	56.381
12.681	10.191	8.993
79.848	85.652	68.362
88.607	89.119	26.03
85.559	74.052	57.713
83.007	87.252	88.558
48.435	17.934	51.585
4.963	79.822	5.098
84.048	74.167	71.306
4.285	88.618	80.06
88.481	4.054	6.254
62.929	41.426	8.553
16.167	85.31	1.92
86.116	82.955	37.978
68.34	14.383	25.006
54.51	40.648	38.717
80.046	86.769	76.887
57.062	87.707	7.301
47.608	6.302	9.152
1.588	60.136	89.294
49.072	55.745	81.09
77.882	74.644	76.632
50.182	10.407	52.607
5.414	4.2	88.237
0.505	85.105	89.624
32.759	25.626	69.046
42.268	57.479	12.519
8.861	24.503	80.843
82.633	88.113	13.533
79.917	5.26	78.621
87.885	2.901	86.174
61.797	9.726	27.088
7.49	86.812	88.695
87.146	83.736	7.188
3.392	86.448	88.393
76.272	88.951	21.545
10.47	82.533	85.715
88.978	81.002	84.358
29.87	85.845	78.579
23.759	16.754	57.463
10.902	69.564	4.241
81.06	85.17	78.582
39.008	10.963	54.48
10.215	71.885	81.348
58.485	6.042	22.622
2.178	64.426	78.093
28.346	84.987	33.262
34.836	16.486	55.148
0.082	14.284	13.838
75.978	87.38	5.713
20.215	26.735	63.536
5.795	65.062	7.196
16.417	88.522	83.518
6.477	33.935	78.497
75.429	77.552	29.507
50.638	58.874	75.992
5.145	89.916	0.343
36.229	39.826	88.912
51.819	76.563	66.445
35.314	63.815	73.715
5.661	16.779	86.479
6.477	25.078	81.213
8.235	83.604	87.734
5.147	10.522	75.08
26.08	25.041	77.964
87.698	75.291	71.161
45.084	75.721	63.789
25.843	35.128	61.047
23.943	86.742	73.734
86.523	5.164	14.703
2.722	89.552	5.535
89.192	89.447	3.821
84.853	84.25	6.109
0.901	51.401	74.402
0.497	76.77	88.682
80.285	83.863	83.864
75.984	85.44	16.425
64.272	79.011	69.21
13.772	81.403	0.802
13.129	17.257	65.415
84.067	88.456	47.619
88.19	87.894	4.708
87.355	87.383	4.796
87.256	89.918	26.566
17.488	81.262	87.866
60.41	86.368	77.047
1.42	59.339	87.292
12.132	71.587	5.507
8.633	82.338	85.298
8.399	68.44	78.052
15.178	86.965	9.336
31.216	29.737	55.255
74.748	86.481	83.738
74.847	84.053	11.539
1.936	49.116	9.492
1.118	51.821	1.189
83.109	89.748	79.695
6.963	39.935	66.085
88.547	88.914	0.03
10.154	71.133	4.845
3.532	78.355	2.456
11.294	54.166	70.188
84.987	16.51	18.356
85.707	82.749	24.437
74.124	75.67	15.195
8.636	87.871	86.789
8.309	71.592	82.875
77.003	85.124	80.392
13.187	80.071	5.636
87.174	80.234	89.758
8.193	70.275	8.531
89.843	87.542	6.202
84.573	85.079	3.035
81.252	77.574	1.903
72.037	82.958	29.387
0.662	27.37	85.078
42.307	19.701	60.07
33.139	6.837	68.411
89.659	86.492	85.163
80.491	80.222	1.25
82.842	85.344	6.705
80.233	9.464	88.432
15.112	55.964	3.821
29.807	7.209	46.432
81.985	87.668	79.011
9.149	65.62	30.304
51.953	21.538	48.608
88.055	89.185	62.745
0.28	29.204	88.426
82.85	87.276	22.685
5.644	63.681	2.607
73.731	85.196	77.478
4.227	79.259	88.767
2.719	85.735	89.149
7.938	69.394	89.366
9.976	78.316	0.349
43.84	36.012	6.935
16.334	8.43	55.7
18.158	77.228	88.075
7.411	80.422	84.243
8.899	84.195	12.242
8.031	85.165	86.432
82.287	89.788	65.851
87.44	78.696	5.274
89.907	9.368	86.635
84.553	80.667	25.429
88.006	86.949	29.807
2.922	82.218	82.669
63.459	82.371	50.97
15.648	76.092	2.889
40.708	16.042	62.995
3.274	77.731	87.284
88.184	88.01	10.94
44.199	55.842	41.67
77.19	81.736	0.225
39.972	83.02	32.886
2.011	79.303	88.195
75.72	83.728	82.686
77.928	86.783	5.035
66.261	86.947	87.344
24.588	84.125	86.759
3.505	28.05	0.766
6.614	83.94	82.955
61.696	3.35	20.128
10.665	79.961	89.533
19.622	87.159	11.959
81.708	85.621	34.814
66.824	14.509	31.035
23.105	66.568	0.769
5.831	70.635	86.789
71.633	2.61	36.673
3.128	26.86	68.757
10.025	2.648	60.638
56.043	89.739	51.972
6.716	69.259	89.157
85.375	80.855	63.368
86.894	89.818	9.534
10.896	81.202	86.157
24.723	11.182	59.85
5.768	62.943	79.675
83.051	86.038	9.067
39.176	75.834	67.211
6.935	80.84	80.285
43.971	29.368	55.631
77.86	89.808	57.35
79.107	87.616	89.283
70.331	80.644	88.877
42.642	76.492	49.228
83.136	80.007	74.764
14.678	89.348	86.556
86.94	88.652	70.545
7.034	62.579	83.674
4.782	87.7	78.697
6.048	77.577	87.424
4.054	89.724	8.71
82.307	79.764	57.834
18.416	28.306	76.717
45.713	70.257	78.34
8.526	30.679	87.781
5.914	84.605	86.718
10.929	71.67	85.993
38.56	33.214	58.119
9.866	87.782	8.061
36.44	17.345	16.15
86.701	73.309	73.237
27.11	86.8	7.284
65.338	77.965	82.477
21.097	69.099	20.004
23.088	79.662	74.635
14.415	5.735	63.176
56.977	6.381	8.762
0.791	80.381	84.21
85.806	78.749	89.022
6.337	79.431	84.205
46.853	5.503	49.465
87.701	74.875	56.801
81.169	6.459	27.357
76.703	89.187	0.56
38.805	37.774	1.942
78.5	84.489	1.022
18.65	8.31	38.926
10.006	82.824	87.152
10.22	68.57	77.555
87.355	89.106	78.486
11.259	38.406	3.389
83.125	88.835	79.906
22.822	15.8	61.102
16.142	74.601	0.827
83.081	80.796	9.476
4.169	52.699	80.821
47.141	14.689	45.685
75.901	84.113	9.817
6.463	71.988	85.257
8.982	32.511	36.478
88.308	84.469	81.837
12.225	15.43	3.291
87.794	87.395	81.452
10.893	25.927	82.147
19.474	67.414	24.602
46.103	63.907	74.415
86.855	85.742	1.736
88.097	84.803	3.906
82.944	84.23	80.409
23.05	37.165	55.516
46.265	83.641	73.471
6.348	87.88	88.651
63.92	0.895	35.273
67.192	59.576	87.388
87.825	82.712	17.702
8.278	6.412	82.864
16.999	17.204	53.266
88.553	82.863	84.619
18.658	5.203	70.023
84.551	88.851	3.744
83.641	10.022	87.454
86.819	85.087	79.401
58.751	55.854	7.155
87.014	81.403	74.459
6.232	88.622	0.865
0.275	80.165	79.818
75.893	89.477	86.179
89.816	82.013	19.625
45.386	6.866	55.436
71.715	84.311	26.656
33.982	0.001	71.754
83.825	85.509	0.626
78.176	78.332	89.319
0.173	36.199	5.279
7.067	78.624	4.241
80.898	84.559	84.147
47.49	87.6	10.168
64.025	35.216	19.716
77.871	83.3	16.985
46.295	5.503	47.097
4.007	62.797	85.509
60.199	51.278	9.361
63.742	44.172	3.002
17.285	46.063	21.166
87.896	84.134	60.24
21.44	12.109	48.108
22.182	74.992	0.308
88.484	84.747	81.109
27.03	19.079	82.232
68.202	82.972	5.123
20.603	23.206	75.173
16.42	89.846	1.225
88.248	82.985	12.058
64.505	46.099	80.016
82.035	83.812	74.317
3.708	89.026	83.641
87.945	80.777	19.477
84.801	88.521	83.647
36.536	57.553	83.359
3.411	19.607	68.112
87.415	85.351	48.229
72.062	83.06	88.997
86.748	86.089	26.365
2.98	36.761	87.586
3.768	85.556	79.791
15.019	9.26	77.533
2.87	23.624	48.594
54.475	4.318	18.559
85.526	89.692	3.269
78.659	9.891	7.806
11.726	29.779	9.361
73.828	86.657	70.641
9.028	85.887	88.132
11.066	26.728	73.924
1.511	7.615	87.141
1.382	17.973	74.371
78.601	9.051	20.891
29.829	3.439	59.465
75.278	82.819	4.697
0.47	79.378	84.482
28.502	20.915	54.694
26.579	20.649	54.747
230.723	78.854	72.787
262.691	73.985	24.561
265.463	81.861	81.461
268.635	86.916	7.328
249.23	81.267	4.227
249.172	40.871	19.776
205.994	53.355	79.549
269.572	86.604	55.727
203.487	73.17	85.767
229.226	41.577	25.401
249.496	4.103	52.159
247.755	5.298	20.595
264.957	88.83	84.803
209.557	80.392	89.275
249.727	14.751	12.714
257.777	47.718	33.938
265.82	0.775	17.134
196.746	73.053	7.402
259.532	4.248	6.6
269.684	86.937	83.49
256.355	84.752	26.662
257.703	83.046	4.689
185.216	82.777	3.626
261.035	86.094	66.744
182.063	60.354	86.46
194.198	25.553	4.312
217.901	12.258	45.965
237.54	85.863	72.471
188.592	86.432	4.194
246.447	6.895	34.657
255.476	3.468	4.98
268.885	81.63	88.753
200.051	33.812	22.676
198.37	79.557	11.014
188.732	53.144	67.711
265.652	16.504	8.141
264.139	89.236	88.261
195.884	18.729	68.634
187.312	31.307	77.492
196.834	51.725	9.174
259.173	87.824	7.001
184.213	79.767	87.435
225.661	3.877	32.735
187.281	82.265	89.753
197.04	13.632	84.93
224.543	6.982	41.167
204.528	59.304	75.943
196.054	66.06	28.021
193.569	84.766	7.21
264.952	88.788	0.964
206.165	78.938	87.517
269.951	86.977	85.864
182.282	27.419	87.058
268.827	88.66	20.965
259.769	89.531	78.165
265.754	89.586	62.086
215.012	75.932	3.087
251.048	28.749	43.43
183.249	71.511	0.407
190.72	81.711	87.031
269.882	82.555	14.247
261.68	82.267	6.782
215.078	73.079	47.078
194.574	18.21	75.69
255.879	85.921	12.55
182.601	62.974	85.399
219.615	76.079	61.286
204.745	43.785	64.39
191.761	58.614	82.073
267.995	87.66	10.756
266.427	63.419	74.962
190.849	33.55	79.491
181.269	52.2	73.858
181.093	88.451	83.466
259.406	79.808	22.295
183.716	81.679	82.636
231.536	41.254	51.492
269.272	89.346	4.96
195.357	78.796	2.763
196.148	89.507	5.573
257.681	87.101	28.373
181.931	78.722	88.105
214.435	73.799	69.908
263.988	86.45	55.299
243.723	81.355	16.985
260.159	18.548	18.381
269.569	85.047	58.872
189.984	55.101	2.304
191.371	30.778	0.596
205.382	69.115	86.185
185.26	61.452	11.687
186.095	14.888	0.706
241.693	58.051	28.422
191.14	21.808	79.186
182.631	64.264	4.793
187.323	57.967	7.312
261.367	79.68	0.115
188.056	83.166	88.39
193.044	85.454	82.529
185.735	87.15	1.307
198.71	6.536	58.551
255.86	66.028	27.395
218.799	48.668	82.727
204.316	13.58	60.808
180.942	62.589	7.976
258.519	6.506	11.555
269.654	85.061	7.971
180.629	75.704	30.084
260.584	72.662	60.569
263.012	89.935	61.042
189.278	2.492	86.803
259.642	83.951	23.484
265.96	88.753	77.887
212.166	68.838	70.845
192.44	11.343	84.584
184.433	62.67	89.039
189.273	8.273	79.31
242.061	11.745	21.408
268.627	81.999	7.518
263.685	86.262	17.757
182.612	66.869	25.39
255.39	11.991	8.465
261.345	79.106	30.507
192.602	7.388	75.443
263.474	87.707	0.203
212.647	13.72	66.483
187.114	74.2	77.917
252.383	5.717	12.893
258.214	48.133	17.087
267.053	89.029	25.467
183.969	63.127	78.428
260.431	86.39	8.894
260.244	27.552	65.552
183.488	45.009	19.779
248.54	13.248	40.181
269.978	85.368	21.984
180.316	80.449	86.482
260.156	89.243	21.169
188.559	70.781	11.346
236.867	5.717	33.88
243.193	7.36	36.72
200.751	81.375	14.365
258.404	85.458	0.794
190.531	75.903	88.857
267.652	9.118	3.194
264.435	80.557	23.369
259.818	85.054	1.675
180.324	66.808	76.561
185.812	30.279	80.931
269.099	89.169	3.447
241.393	83.247	0.423
259.76	85.333	87.602
259.887	86.674	79.722
188.918	55.59	78.969
261.277	84.645	16.153
269.544	89.042	11.953
264.531	87.028	65.511
229.391	77.577	74.58
233.824	85.907	42.7
195.958	89.168	80.543
266.355	89.904	83.235
262.048	83.896	78.662
250.6	6.365	25.725
190.424	85.14	86.836
263.828	89.862	84.482
180.939	78.683	87.179
210.051	84.41	77.703
203.674	26.693	73.355
203.783	14.027	66.431
199.955	69.261	80.049
192.646	84.167	87.407
184.084	87.551	88.695
181.736	82.491	5.356
189.965	69.702	0.525
253.863	9.184	10.149
246.23	39.21	85.224
182.648	5.521	16.095
268.338	89.656	63.231
180.025	36.845	80.049
265.372	82.006	27.371
185.914	78.833	88.099
191.168	80.314	1.958
185.164	83.647	74.289
203.783	74.158	11.525
190.275	29.937	56.381
192.681	10.191	8.993
259.848	85.652	68.362
268.607	89.119	26.03
265.559	74.052	57.713
263.007	87.252	88.558
228.435	17.934	51.585
184.963	79.822	5.098
264.048	74.167	71.306
184.285	88.618	80.06
268.481	4.054	6.254
242.929	41.426	8.553
196.167	85.31	1.92
266.116	82.955	37.978
248.34	14.383	25.006
234.51	40.648	38.717
260.046	86.769	76.887
237.062	87.707	7.301
227.608	6.302	9.152
181.588	60.136	89.294
229.072	55.745	81.09
257.882	74.644	76.632
230.182	10.407	52.607
185.414	4.2	88.237
180.505	85.105	89.624
212.759	25.626	69.046
222.268	57.479	12.519
188.861	24.503	80.843
262.633	88.113	13.533
259.917	5.26	78.621
267.885	2.901	86.174
241.797	9.726	27.088
187.49	86.812	88.695
267.146	83.736	7.188
183.392	86.448	88.393
256.272	88.951	21.545
190.47	82.533	85.715
268.978	81.002	84.358
209.87	85.845	78.579
203.759	16.754	57.463
190.902	69.564	4.241
261.06	85.17	78.582
219.008	10.963	54.48
190.215	71.885	81.348
238.485	6.042	22.622
182.178	64.426	78.093
208.346	84.987	33.262
214.836	16.486	55.148
180.082	14.284	13.838
255.978	87.38	5.713
200.215	26.735	63.536
185.795	65.062	7.196
196.417	88.522	83.518
186.477	33.935	78.497
255.429	77.552	29.507
230.638	58.874	75.992
185.145	89.916	0.343
216.229	39.826	88.912
231.819	76.563	66.445
215.314	63.815	73.715
185.661	16.779	86.479
186.477	25.078	81.213
188.235	83.604	87.734
185.147	10.522	75.08
206.08	25.041	77.964
267.698	75.291	71.161
225.084	75.721	63.789
205.843	35.128	61.047
203.943	86.742	73.734
266.523	5.164	14.703
182.722	89.552	5.535
269.192	89.447	3.821
264.853	84.25	6.109
180.901	51.401	74.402
180.497	76.77	88.682
260.285	83.863	83.864
255.984	85.44	16.425
244.272	79.011	69.21
193.772	81.403	0.802
193.129	17.257	65.415
264.067	88.456	47.619
268.19	87.894	4.708
267.355	87.383	4.796
267.256	89.918	26.566
197.488	81.262	87.866
240.41	86.368	77.047
181.42	59.339	87.292
192.132	71.587	5.507
188.633	82.338	85.298
188.399	68.44	78.052
195.178	86.965	9.336
211.216	29.737	55.255
254.748	86.481	83.738
254.847	84.053	11.539
181.936	49.116	9.492
181.118	51.821	1.189
263.109	89.748	79.695
186.963	39.935	66.085
268.547	88.914	0.03
190.154	71.133	4.845
183.532	78.355	2.456
191.294	54.166	70.188
264.987	16.51	18.356
265.707	82.749	24.437
254.124	75.67	15.195
188.636	87.871	86.789
188.309	71.592	82.875
257.003	85.124	80.392
193.187	80.071	5.636
267.174	80.234	89.758
188.193	70.275	8.531
269.843	87.542	6.202
264.573	85.079	3.035
261.252	77.574	1.903
252.037	82.958	29.387
180.662	27.37	85.078
222.307	19.701	60.07
213.139	6.837	68.411
269.659	86.492	85.163
260.491	80.222	1.25
262.842	85.344	6.705
260.233	9.464	88.432
195.112	55.964	3.821
209.807	7.209	46.432
261.985	87.668	79.011
189.149	65.62	30.304
231.953	21.538	48.608
268.055	89.185	62.745
180.28	29.204	88.426
262.85	87.276	22.685
185.644	63.681	2.607
253.731	85.196	77.478
184.227	79.259	88.767
182.719	85.735	89.149
187.938	69.394	89.366
189.976	78.316	0.349
223.84	36.012	6.935
196.334	8.43	55.7
198.158	77.228	88.075
187.411	80.422	84.243
188.899	84.195	12.242
188.031	85.165	86.432
262.287	89.788	65.851
267.44	78.696	5.274
269.907	9.368	86.635
264.553	80.667	25.429
268.006	86.949	29.807
182.922	82.218	82.669
243.459	82.371	50.97
195.648	76.092	2.889
220.708	16.042	62.995
183.274	77.731	87.284
268.184	88.01	10.94
224.199	55.842	41.67
257.19	81.736	0.225
219.972	83.02	32.886
182.011	79.303	88.195
255.72	83.728	82.686
257.928	86.783	5.035
246.261	86.947	87.344
204.588	84.125	86.759
183.505	28.05	0.766
186.614	83.94	82.955
241.696	3.35	20.128
190.665	79.961	89.533
199.622	87.159	11.959
261.708	85.621	34.814
246.824	14.509	31.035
203.105	66.568	0.769
185.831	70.635	86.789
251.633	2.61	36.673
183.128	26.86	68.757
190.025	2.648	60.638
236.043	89.739	51.972
186.716	69.259	89.157
265.375	80.855	63.368
266.894	89.818	9.534
190.896	81.202	86.157
204.723	11.182	59.85
185.768	62.943	79.675
263.051	86.038	9.067
219.176	75.834	67.211
186.935	80.84	80.285
223.971	29.368	55.631
257.86	89.808	57.35
259.107	87.616	89.283
250.331	80.644	88.877
222.642	76.492	49.228
263.136	80.007	74.764
194.678	89.348	86.556
266.94	88.652	70.545
187.034	62.579	83.674
184.782	87.7	78.697
186.048	77.577	87.424
184.054	89.724	8.71
262.307	79.764	57.834
198.416	28.306	76.717
225.713	70.257	78.34
188.526	30.679	87.781
185.914	84.605	86.718
190.929	71.67	85.993
218.56	33.214	58.119
189.866	87.782	8.061
216.44	17.345	16.15
266.701	73.309	73.237
207.11	86.8	7.284
245.338	77.965	82.477
201.097	69.099	20.004
203.088	79.662	74.635
194.415	5.735	63.176
236.977	6.381	8.762
180.791	80.381	84.21
265.806	78.749	89.022
186.337	79.431	84.205
226.853	5.503	49.465
267.701	74.875	56.801
261.169	6.459	27.357
256.703	89.187	0.56
218.805	37.774	1.942
258.5	84.489	1.022
198.65	8.31	38.926
190.006	82.824	87.152
190.22	68.57	77.555
267.355	89.106	78.486
191.259	38.406	3.389
263.125	88.835	79.906
202.822	15.8	61.102
196.142	74.601	0.827
263.081	80.796	9.476
184.169	52.699	80.821
227.141	14.689	45.685
255.901	84.113	9.817
186.463	71.988	85.257
188.982	32.511	36.478
268.308	84.469	81.837
192.225	15.43	3.291
267.794	87.395	81.452
190.893	25.927	82.147
199.474	67.414	24.602
226.103	63.907	74.415
266.855	85.742	1.736
268.097	84.803	3.906
262.944	84.23	80.409
203.05	37.165	55.516
226.265	83.641	73.471
186.348	87.88	88.651
243.92	0.895	35.273
247.192	59.576	87.388
267.825	82.712	17.702
188.278	6.412	82.864
196.999	17.204	53.266
268.553	82.863	84.619
198.658	5.203	70.023
264.551	88.851	3.744
263.641	10.022	87.454
266.819	85.087	79.401
238.751	55.854	7.155
267.014	81.403	74.459
186.232	88.622	0.865
180.275	80.165	79.818
255.893	89.477	86.179
269.816	82.013	19.625
225.386	6.866	55.436
251.715	84.311	26.656
213.982	0.001	71.754
263.825	85.509	0.626
258.176	78.332	89.319
180.173	36.199	5.279
187.067	78.624	4.241
260.898	84.559	84.147
227.49	87.6	10.168
244.025	35.216	19.716
257.871	83.3	16.985
226.295	5.503	47.097
184.007	62.797	85.509
240.199	51.278	9.361
243.742	44.172	3.002
197.285	46.063	21.166
267.896	84.134	60.24
201.44	12.109	48.108
202.182	74.992	0.308
268.484	84.747	81.109
207.03	19.079	82.232
248.202	82.972	5.123
200.603	23.206	75.173
196.42	89.846	1.225
268.248	82.985	12.058
244.505	46.099	80.016
262.035	83.812	74.317
183.708	89.026	83.641
267.945	80.777	19.477
264.801	88.521	83.647
216.536	57.553	83.359
183.411	19.607	68.112
267.415	85.351	48.229
252.062	83.06	88.997
266.748	86.089	26.365
182.98	36.761	87.586
183.768	85.556	79.791
195.019	9.26	77.533
182.87	23.624	48.594
234.475	4.318	18.559
265.526	89.692	3.269
258.659	9.891	7.806
191.726	29.779	9.361
253.828	86.657	70.641
189.028	85.887	88.132
191.066	26.728	73.924
181.511	7.615	87.141
181.382	17.973	74.371
258.601	9.051	20.891
209.829	3.439	59.465
255.278	82.819	4.697
180.47	79.378	84.482
208.502	20.915	54.694
206.579	20.649	54.747
309.277	101.146	252.787
277.309	106.015	204.561
274.537	98.139	261.461
271.365	93.084	187.328
290.77	98.733	184.227
290.828	139.129	199.776
334.006	126.645	259.549
270.428	93.396	235.727
336.513	106.83	265.767
310.774	138.423	205.401
290.504	175.897	232.159
292.245	174.702	200.595
275.043	91.17	264.803
330.443	99.608	269.275
290.273	165.249	192.714
282.223	132.282	213.938
274.18	179.225	197.134
343.254	106.947	187.402
280.468	175.752	186.6
270.316	93.063	263.49
283.645	95.248	206.662
282.297	96.954	184.689
354.784	97.223	183.626
278.965	93.906	246.744
357.937	119.646	266.46
345.802	154.447	184.312
322.099	167.742	225.965
302.46	94.137	252.471
351.408	93.568	184.194
293.553	173.105	214.657
284.524	176.532	184.98
271.115	98.37	268.753
339.949	146.188	202.676
341.63	100.443	191.014
351.268	126.856	247.711
274.348	163.496	188.141
275.861	90.764	268.261
344.116	161.271	248.634
352.688	148.693	257.492
343.166	128.275	189.174
280.827	92.176	187.001
355.787	100.233	267.435
314.339	176.123	212.735
352.719	97.735	269.753
342.96	166.368	264.93
315.457	173.018	221.167
335.472	120.696	255.943
343.946	113.94	208.021
346.431	95.234	187.21
275.048	91.212	180.964
333.835	101.062	267.517
270.049	93.023	265.864
357.718	152.581	267.058
271.173	91.34	200.965
280.231	90.469	258.165
274.246	90.414	242.086
324.988	104.068	183.087
288.952	151.251	223.43
356.751	108.489	180.407
349.28	98.289	267.031
270.118	97.445	194.247
278.32	97.733	186.782
324.922	106.921	227.078
345.426	161.79	255.69
284.121	94.079	192.55
357.399	117.026	265.399
320.385	103.921	241.286
335.255	136.215	244.39
348.239	121.386	262.073
272.005	92.34	190.756
273.573	116.581	254.962
349.151	146.45	259.491
358.731	127.8	253.858
358.907	91.549	263.466
280.594	100.192	202.295
356.284	98.321	262.636
308.464	138.746	231.492
270.728	90.654	184.96
344.643	101.204	182.763
343.852	90.493	185.573
282.319	92.899	208.373
358.069	101.278	268.105
325.565	106.201	249.908
276.012	93.55	235.299
296.277	98.645	196.985
279.841	161.452	198.381
270.431	94.953	238.872
350.016	124.899	182.304
348.629	149.222	180.596
334.618	110.885	266.185
354.74	118.548	191.687
353.905	165.112	180.706
298.307	121.949	208.422
348.86	158.192	259.186
357.369	115.736	184.793
352.677	122.033	187.312
278.633	100.32	180.115
351.944	96.834	268.39
346.956	94.546	262.529
354.265	92.85	181.307
341.29	173.464	238.551
284.14	113.972	207.395
321.201	131.332	262.727
335.684	166.42	240.808
359.058	117.411	187.976
281.481	173.494	191.555
270.346	94.939	187.971
359.371	104.296	210.084
279.416	107.338	240.569
276.988	90.065	241.042
350.722	177.508	266.803
280.358	96.049	203.484
274.04	91.247	257.887
327.834	111.162	250.845
347.56	168.657	264.584
355.567	117.33	269.039
350.727	171.727	259.31
297.939	168.255	201.408
271.373	98.001	187.518
276.315	93.738	197.757
357.388	113.131	205.39
284.61	168.009	188.465
278.655	100.894	210.507
347.398	172.612	255.443
276.526	92.293	180.203
327.353	166.28	246.483
352.886	105.8	257.917
287.617	174.283	192.893
281.786	131.867	197.087
272.947	90.971	205.467
356.031	116.873	258.428
279.569	93.61	188.894
279.756	152.448	245.552
356.512	134.991	199.779
291.46	166.752	220.181
270.022	94.632	201.984
359.684	99.551	266.482
279.844	90.757	201.169
351.441	109.219	191.346
303.133	174.283	213.88
296.807	172.64	216.72
339.249	98.625	194.365
281.596	94.542	180.794
349.469	104.097	268.857
272.348	170.882	183.194
275.565	99.443	203.369
280.182	94.946	181.675
359.676	113.192	256.561
354.188	149.721	260.931
270.901	90.831	183.447
298.607	96.753	180.423
280.24	94.667	267.602
280.113	93.326	259.722
351.082	124.41	258.969
278.723	95.355	196.153
270.456	90.958	191.953
275.469	92.972	245.511
310.609	102.423	254.58
306.176	94.093	222.7
344.042	90.832	260.543
273.645	90.096	263.235
277.952	96.104	258.662
289.4	173.635	205.725
349.576	94.86	266.836
276.172	90.138	264.482
359.061	101.317	267.179
329.949	95.59	257.703
336.326	153.307	253.355
336.217	165.973	246.431
340.045	110.739	260.049
347.354	95.833	267.407
355.916	92.449	268.695
358.264	97.509	185.356
350.035	110.298	180.525
286.137	170.816	190.149
293.77	140.79	265.224
357.352	174.479	196.095
271.662	90.344	243.231
359.975	143.155	260.049
274.628	97.994	207.371
354.086	101.167	268.099
348.832	99.686	181.958
354.836	96.353	254.289
336.217	105.842	191.525
349.725	150.063	236.381
347.319	169.809	188.993
280.152	94.348	248.362
271.393	90.881	206.03
274.441	105.948	237.713
276.993	92.748	268.558
311.565	162.066	231.585
355.037	100.178	185.098
275.952	105.833	251.306
355.715	91.382	260.06
271.519	175.946	186.254
297.071	138.574	188.553
343.833	94.69	181.92
273.884	97.045	217.978
291.66	165.617	205.006
305.49	139.352	218.717
279.954	93.231	256.887
302.938	92.293	187.301
312.392	173.698	189.152
358.412	119.864	269.294
310.928	124.255	261.09
282.118	105.356	256.632
309.818	169.593	232.607
354.586	175.8	268.237
359.495	94.895	269.624
327.241	154.374	249.046
317.732	122.521	192.519
351.139	155.497	260.843
277.367	91.887	193.533
280.083	174.74	258.621
272.115	177.099	266.174
298.203	170.274	207.088
352.51	93.188	268.695
272.854	96.264	187.188
356.608	93.552	268.393
283.728	91.049	201.545
349.53	97.467	265.715
271.022	98.998	264.358
330.13	94.155	258.579
336.241	163.246	237.463
349.098	110.436	184.241
278.94	94.83	258.582
320.992	169.037	234.48
349.785	108.115	261.348
301.515	173.958	202.622
357.822	115.574	258.093
331.654	95.013	213.262
325.164	163.514	235.148
359.918	165.716	193.838
284.022	92.62	185.713
339.785	153.265	243.536
354.205	114.938	187.196
343.583	91.478	263.518
353.523	146.065	258.497
284.571	102.448	209.507
309.362	121.126	255.992
354.855	90.084	180.343
323.771	140.174	268.912
308.181	103.437	246.445
324.686	116.185	253.715
354.339	163.221	266.479
353.523	154.922	261.213
351.765	96.396	267.734
354.853	169.478	255.08
333.92	154.959	257.964
272.302	104.709	251.161
314.916	104.279	243.789
334.157	144.872	241.047
336.057	93.258	253.734
273.477	174.836	194.703
357.278	90.448	185.535
270.808	90.553	183.821
275.147	95.75	186.109
359.099	128.599	254.402
359.503	103.23	268.682
279.715	96.137	263.864
284.016	94.56	196.425
295.728	100.989	249.21
346.228	98.597	180.802
346.871	162.743	245.415
275.933	91.544	227.619
271.81	92.106	184.708
272.645	92.617	184.796
272.744	90.082	206.566
342.512	98.738	267.866
299.59	93.632	257.047
358.58	120.661	267.292
347.868	108.413	185.507
351.367	97.662	265.298
351.601	111.56	258.052
344.822	93.035	189.336
328.784	150.263	235.255
285.252	93.519	263.738
285.153	95.947	191.539
358.064	130.884	189.492
358.882	128.179	181.189
276.891	90.252	259.695
353.037	140.065	246.085
271.453	91.086	180.03
349.846	108.867	184.845
356.468	101.645	182.456
348.706	125.834	250.188
275.013	163.49	198.356
274.293	97.251	204.437
285.876	104.33	195.195
351.364	92.129	266.789
351.691	108.408	262.875
282.997	94.876	260.392
346.813	99.929	185.636
272.826	99.766	269.758
351.807	109.725	188.531
270.157	92.458	186.202
275.427	94.921	183.035
278.748	102.426	181.903
287.963	97.042	209.387
359.338	152.63	265.078
317.693	160.299	240.07
326.861	173.163	248.411
270.341	93.508	265.163
279.509	99.778	181.25
277.158	94.656	186.705
279.767	170.536	268.432
344.888	124.036	183.821
330.193	172.791	226.432
278.015	92.332	259.011
350.851	114.38	210.304
308.047	158.462	228.608
271.945	90.815	242.745
359.72	150.796	268.426
277.15	92.724	202.685
354.356	116.319	182.607
286.269	94.804	257.478
355.773	100.741	268.767
357.281	94.265	269.149
352.062	110.606	269.366
350.024	101.684	180.349
316.16	143.988	186.935
343.666	171.57	235.7
341.842	102.772	268.075
352.589	99.578	264.243
351.101	95.805	192.242
351.969	94.835	266.432
277.713	90.212	245.851
272.56	101.304	185.274
270.093	170.632	266.635
275.447	99.333	205.429
271.994	93.051	209.807
357.078	97.782	262.669
296.541	97.629	230.97
344.352	103.908	182.889
319.292	163.958	242.995
356.726	102.269	267.284
271.816	91.99	190.94
315.801	124.158	221.67
282.81	98.264	180.225
320.028	96.98	212.886
357.989	100.697	268.195
284.28	96.272	262.686
282.072	93.217	185.035
293.739	93.053	267.344
335.412	95.875	266.759
356.495	151.95	180.766
353.386	96.06	262.955
298.304	176.65	200.128
349.335	100.039	269.533
340.378	92.841	191.959
278.292	94.379	214.814
293.176	165.491	211.035
336.895	113.432	180.769
354.169	109.365	266.789
288.367	177.39	216.673
356.872	153.14	248.757
349.975	177.352	240.638
303.957	90.261	231.972
353.284	110.741	269.157
274.625	99.145	243.368
273.106	90.182	189.534
349.104	98.798	266.157
335.277	168.818	239.85
354.232	117.057	259.675
276.949	93.962	189.067
320.824	104.166	247.211
353.065	99.16	260.285
316.029	150.632	235.631
282.14	90.192	237.35
280.893	92.384	269.283
289.669	99.356	268.877
317.358	103.508	229.228
276.864	99.993	254.764
345.322	90.652	266.556
273.06	91.348	250.545
352.966	117.421	263.674
355.218	92.3	258.697
353.952	102.423	267.424
355.946	90.276	188.71
277.693	100.236	237.834
341.584	151.694	256.717
314.287	109.743	258.34
351.474	149.321	267.781
354.086	95.395	266.718
349.071	108.33	265.993
321.44	146.786	238.119
350.134	92.218	188.061
323.56	162.655	196.15
273.299	106.691	253.237
332.89	93.2	187.284
294.662	102.035	262.477
338.903	110.901	200.004
336.912	100.338	254.635
345.585	174.265	243.176
303.023	173.619	188.762
359.209	99.619	264.21
274.194	101.251	269.022
353.663	100.569	264.205
313.147	174.497	229.465
272.299	105.125	236.801
278.831	173.541	207.357
283.297	90.813	180.56
321.195	142.226	181.942
281.5	95.511	181.022
341.35	171.69	218.926
349.994	97.176	267.152
349.78	111.43	257.555
272.645	90.894	258.486
348.741	141.594	183.389
276.875	91.165	259.906
337.178	164.2	241.102
343.858	105.399	180.827
276.919	99.204	189.476
355.831	127.301	260.821
312.859	165.311	225.685
284.099	95.887	189.817
353.537	108.012	265.257
351.018	147.489	216.478
271.692	95.531	261.837
347.775	164.57	183.291
272.206	92.605	261.452
349.107	154.073	262.147
340.526	112.586	204.602
313.897	116.093	254.415
273.145	94.258	181.736
271.903	95.197	183.906
277.056	95.77	260.409
336.95	142.835	235.516
313.735	96.359	253.471
353.652	92.12	268.651
296.08	179.105	215.273
292.808	120.424	267.388
272.175	97.288	197.702
351.722	173.588	262.864
343.001	162.796	233.266
271.447	97.137	264.619
341.342	174.797	250.023
275.449	91.149	183.744
276.359	169.978	267.454
273.181	94.913	259.401
301.249	124.146	187.155
272.986	98.597	254.459
353.768	91.378	180.865
359.725	99.835	259.818
284.107	90.523	266.179
270.184	97.987	199.625
314.614	173.134	235.436
288.285	95.689	206.656
326.018	179.999	251.754
276.175	94.491	180.626
281.824	101.668	269.319
359.827	143.801	185.279
352.933	101.376	184.241
279.102	95.441	264.147
312.51	92.4	190.168
295.975	144.784	199.716
282.129	96.7	196.985
313.705	174.497	227.097
355.993	117.203	265.509
299.801	128.722	189.361
296.258	135.828	183.002
342.715	133.937	201.166
272.104	95.866	240.24
338.56	167.891	228.108
337.818	105.008	180.308
271.516	95.253	261.109
332.97	160.921	262.232
291.798	97.028	185.123
339.397	156.794	255.173
343.58	90.154	181.225
271.752	97.015	192.058
295.495	133.901	260.016
277.965	96.188	254.317
356.292	90.974	263.641
272.055	99.223	199.477
275.199	91.479	263.647
323.464	122.447	263.359
356.589	160.393	248.112
272.585	94.649	228.229
287.938	96.94	268.997
273.252	93.911	206.365
357.02	143.239	267.586
356.232	94.444	259.791
344.981	170.74	257.533
357.13	156.376	228.594
305.525	175.682	198.559
274.474	90.308	183.269
281.341	170.109	187.806
348.274	150.221	189.361
286.172	93.343	250.641
350.972	94.113	268.132
348.934	153.272	253.924
358.489	172.385	267.141
358.618	162.027	254.371
281.399	170.949	200.891
330.171	176.561	239.465
284.722	97.181	184.697
359.53	100.622	264.482
331.498	159.085	234.694
333.421	159.351	234.747
129.277	101.146	252.787
97.309	106.015	204.561
94.537	98.139	261.461
91.365	93.084	187.328
110.77	98.733	184.227
110.828	139.129	199.776
154.006	126.645	259.549
90.428	93.396	235.727
156.513	106.83	265.767
130.774	138.423	205.401
110.504	175.897	232.159
112.245	174.702	200.595
95.043	91.17	264.803
150.443	99.608	269.275
110.273	165.249	192.714
102.223	132.282	213.938
94.18	179.225	197.134
163.254	106.947	187.402
100.468	175.752	186.6
90.316	93.063	263.49
103.645	95.248	206.662
102.297	96.954	184.689
174.784	97.223	183.626
98.965	93.906	246.744
177.937	119.646	266.46
165.802	154.447	184.312
142.099	167.742	225.965
122.46	94.137	252.471
171.408	93.568	184.194
113.553	173.105	214.657
104.524	176.532	184.98
91.115	98.37	268.753
159.949	146.188	202.676
161.63	100.443	191.014
171.268	126.856	247.711
94.348	163.496	188.141
95.861	90.764	268.261
164.116	161.271	248.634
172.688	148.693	257.492
163.166	128.275	189.174
100.827	92.176	187.001
175.787	100.233	267.435
134.339	176.123	212.735
172.719	97.735	269.753
162.96	166.368	264.93
135.457	173.018	221.167
155.472	120.696	255.943
163.946	113.94	208.021
166.431	95.234	187.21
95.048	91.212	180.964
153.835	101.062	267.517
90.049	93.023	265.864
177.718	152.581	267.058
91.173	91.34	200.965
100.231	90.469	258.165
94.246	90.414	242.086
144.988	104.068	183.087
108.952	151.251	223.43
176.751	108.489	180.407
169.28	98.289	267.031
90.118	97.445	194.247
98.32	97.733	186.782
144.922	106.921	227.078
165.426	161.79	255.69
104.121	94.079	192.55
177.399	117.026	265.399
140.385	103.921	241.286
155.255	136.215	244.39
168.239	121.386	262.073
92.005	92.34	190.756
93.573	116.581	254.962
169.151	146.45	259.491
178.731	127.8	253.858
178.907	91.549	263.466
100.594	100.192	202.295
176.284	98.321	262.636
128.464	138.746	231.492
90.728	90.654	184.96
164.643	101.204	182.763
163.852	90.493	185.573
102.319	92.899	208.373
178.069	101.278	268.105
145.565	106.201	249.908
96.012	93.55	235.299
116.277	98.645	196.985
99.841	161.452	198.381
90.431	94.953	238.872
170.016	124.899	182.304
168.629	149.222	180.596
154.618	110.885	266.185
174.74	118.548	191.687
173.905	165.112	180.706
118.307	121.949	208.422
168.86	158.192	259.186
177.369	115.736	184.793
172.677	122.033	187.312
98.633	100.32	180.115
171.944	96.834	268.39
166.956	94.546	262.529
174.265	92.85	181.307
161.29	173.464	238.551
104.14	113.972	207.395
141.201	131.332	262.727
155.684	166.42	240.808
179.058	117.411	187.976
101.481	173.494	191.555
90.346	94.939	187.971
179.371	104.296	210.084
99.416	107.338	240.569
96.988	90.065	241.042
170.722	177.508	266.803
100.358	96.049	203.484
94.04	91.247	257.887
147.834	111.162	250.845
167.56	168.657	264.584
175.567	117.33	269.039
170.727	171.727	259.31
117.939	168.255	201.408
91.373	98.001	187.518
96.315	93.738	197.757
177.388	113.131	205.39
104.61	168.009	188.465
98.655	100.894	210.507
167.398	172.612	255.443
96.526	92.293	180.203
147.353	166.28	246.483
172.886	105.8	257.917
107.617	174.283	192.893
101.786	131.867	197.087
92.947	90.971	205.467
176.031	116.873	258.428
99.569	93.61	188.894
99.756	152.448	245.552
176.512	134.991	199.779
111.46	166.752	220.181
90.022	94.632	201.984
179.684	99.551	266.482
99.844	90.757	201.169
171.441	109.219	191.346
123.133	174.283	213.88
116.807	172.64	216.72
159.249	98.625	194.365
101.596	94.542	180.794
169.469	104.097	268.857
92.348	170.882	183.194
95.565	99.443	203.369
100.182	94.946	181.675
179.676	113.192	256.561
174.188	149.721	260.931
90.901	90.831	183.447
118.607	96.753	180.423
100.24	94.667	267.602
100.113	93.326	259.722
171.082	124.41	258.969
98.723	95.355	196.153
90.456	90.958	191.953
95.469	92.972	245.511
130.609	102.423	254.58
126.176	94.093	222.7
164.042	90.832	260.543
93.645	90.096	263.235
97.952	96.104	258.662
109.4	173.635	205.725
169.576	94.86	266.836
96.172	90.138	264.482
179.061	101.317	267.179
149.949	95.59	257.703
156.326	153.307	253.355
156.217	165.973	246.431
160.045	110.739	260.049
167.354	95.833	267.407
175.916	92.449	268.695
178.264	97.509	185.356
170.035	110.298	180.525
106.137	170.816	190.149
113.77	140.79	265.224
177.352	174.479	196.095
91.662	90.344	243.231
179.975	143.155	260.049
94.628	97.994	207.371
174.086	101.167	268.099
168.832	99.686	181.958
174.836	96.353	254.289
156.217	105.842	191.525
169.725	150.063	236.381
167.319	169.809	188.993
100.152	94.348	248.362
91.393	90.881	206.03
94.441	105.948	237.713
96.993	92.748	268.558
131.565	162.066	231.585
175.037	100.178	185.098
95.952	105.833	251.306
175.715	91.382	260.06
91.519	175.946	186.254
117.071	138.574	188.553
163.833	94.69	181.92
93.884	97.045	217.978
111.66	165.617	205.006
125.49	139.352	218.717
99.954	93.231	256.887
122.938	92.293	187.301
132.392	173.698	189.152
178.412	119.864	269.294
130.928	124.255	261.09
102.118	105.356	256.632
129.818	169.593	232.607
174.586	175.8	268.237
179.495	94.895	269.624
147.241	154.374	249.046
137.732	122.521	192.519
171.139	155.497	260.843
97.367	91.887	193.533
100.083	174.74	258.621
92.115	177.099	266.174
118.203	170.274	207.088
172.51	93.188	268.695
92.854	96.264	187.188
176.608	93.552	268.393
103.728	91.049	201.545
169.53	97.467	265.715
91.022	98.998	264.358
150.13	94.155	258.579
156.241	163.246	237.463
169.098	110.436	184.241
98.94	94.83	258.582
140.992	169.037	234.48
169.785	108.115	261.348
121.515	173.958	202.622
177.822	115.574	258.093
151.654	95.013	213.262
145.164	163.514	235.148
179.918	165.716	193.838
104.022	92.62	185.713
159.785	153.265	243.536
174.205	114.938	187.196
163.583	91.478	263.518
173.523	146.065	258.497
104.571	102.448	209.507
129.362	121.126	255.992
174.855	90.084	180.343
143.771	140.174	268.912
128.181	103.437	246.445
144.686	116.185	253.715
174.339	163.221	266.479
173.523	154.922	261.213
171.765	96.396	267.734
174.853	169.478	255.08
153.92	154.959	257.964
92.302	104.709	251.161
134.916	104.279	243.789
154.157	144.872	241.047
156.057	93.258	253.734
93.477	174.836	194.703
177.278	90.448	185.535
90.808	90.553	183.821
95.147	95.75	186.109
179.099	128.599	254.402
179.503	103.23	268.682
99.715	96.137	263.864
104.016	94.56	196.425
115.728	100.989	249.21
166.228	98.597	180.802
166.871	162.743	245.415
95.933	91.544	227.619
91.81	92.106	184.708
92.645	92.617	184.796
92.744	90.082	206.566
162.512	98.738	267.866
119.59	93.632	257.047
178.58	120.661	267.292
167.868	108.413	185.507
171.367	97.662	265.298
171.601	111.56	258.052
164.822	93.035	189.336
148.784	150.263	235.255
105.252	93.519	263.738
105.153	95.947	191.539
178.064	130.884	189.492
178.882	128.179	181.189
96.891	90.252	259.695
173.037	140.065	246.085
91.453	91.086	180.03
169.846	108.867	184.845
176.468	101.645	182.456
168.706	125.834	250.188
95.013	163.49	198.356
94.293	97.251	204.437
105.876	104.33	195.195
171.364	92.129	266.789
171.691	108.408	262.875
102.997	94.876	260.392
166.813	99.929	185.636
92.826	99.766	269.758
171.807	109.725	188.531
90.157	92.458	186.202
95.427	94.921	183.035
98.748	102.426	181.903
107.963	97.042	209.387
179.338	152.63	265.078
137.693	160.299	240.07
146.861	173.163	248.411
90.341	93.508	265.163
99.509	99.778	181.25
97.158	94.656	186.705
99.767	170.536	268.432
164.888	124.036	183.821
150.193	172.791	226.432
98.015	92.332	259.011
170.851	114.38	210.304
128.047	158.462	228.608
91.945	90.815	242.745
179.72	150.796	268.426
97.15	92.724	202.685
174.356	116.319	182.607
106.269	94.804	257.478
175.773	100.741	268.767
177.281	94.265	269.149
172.062	110.606	269.366
170.024	101.684	180.349
136.16	143.988	186.935
163.666	171.57	235.7
161.842	102.772	268.075
172.589	99.578	264.243
171.101	95.805	192.242
171.969	94.835	266.432
97.713	90.212	245.851
92.56	101.304	185.274
90.093	170.632	266.635
95.447	99.333	205.429
91.994	93.051	209.807
177.078	97.782	262.669
116.541	97.629	230.97
164.352	103.908	182.889
139.292	163.958	242.995
176.726	102.269	267.284
91.816	91.99	190.94
135.801	124.158	221.67
102.81	98.264	180.225
140.028	96.98	212.886
177.989	100.697	268.195
104.28	96.272	262.686
102.072	93.217	185.035
113.739	93.053	267.344
155.412	95.875	266.759
176.495	151.95	180.766
173.386	96.06	262.955
118.304	176.65	200.128
169.335	100.039	269.533
160.378	92.841	191.959
98.292	94.379	214.814
113.176	165.491	211.035
156.895	113.432	180.769
174.169	109.365	266.789
108.367	177.39	216.673
176.872	153.14	248.757
169.975	177.352	240.638
123.957	90.261	231.972
173.284	110.741	269.157
94.625	99.145	243.368
93.106	90.182	189.534
169.104	98.798	266.157
155.277	168.818	239.85
174.232	117.057	259.675
96.949	93.962	189.067
140.824	104.166	247.211
173.065	99.16	260.285
136.029	150.632	235.631
102.14	90.192	237.35
100.893	92.384	269.283
109.669	99.356	268.877
137.358	103.508	229.228
96.864	99.993	254.764
165.322	90.652	266.556
93.06	91.348	250.545
172.966	117.421	263.674
175.218	92.3	258.697
173.952	102.423	267.424
175.946	90.276	188.71
97.693	100.236	237.834
161.584	151.694	256.717
134.287	109.743	258.34
171.474	149.321	267.781
174.086	95.395	266.718
169.071	108.33	265.993
141.44	146.786	238.119
170.134	92.218	188.061
143.56	162.655	196.15
93.299	106.691	253.237
152.89	93.2	187.284
114.662	102.035	262.477
158.903	110.901	200.004
156.912	100.338	254.635
165.585	174.265	243.176
123.023	173.619	188.762
179.209	99.619	264.21
94.194	101.251	269.022
173.663	100.569	264.205
133.147	174.497	229.465
92.299	105.125	236.801
98.831	173.541	207.357
103.297	90.813	180.56
141.195	142.226	181.942
101.5	95.511	181.022
161.35	171.69	218.926
169.994	97.176	267.152
169.78	111.43	257.555
92.645	90.894	258.486
168.741	141.594	183.389
96.875	91.165	259.906
157.178	164.2	241.102
163.858	105.399	180.827
96.919	99.204	189.476
175.831	127.301	260.821
132.859	165.311	225.685
104.099	95.887	189.817
173.537	108.012	265.257
171.018	147.489	216.478
91.692	95.531	261.837
167.775	164.57	183.291
92.206	92.605	261.452
169.107	154.073	262.147
160.526	112.586	204.602
133.897	116.093	254.415
93.145	94.258	181.736
91.903	95.197	183.906
97.056	95.77	260.409
156.95	142.835	235.516
133.735	96.359	253.471
173.652	92.12	268.651
116.08	179.105	215.273
112.808	120.424	267.388
92.175	97.288	197.702
171.722	173.588	262.864
163.001	162.796	233.266
91.447	97.137	264.619
161.342	174.797	250.023
95.449	91.149	183.744
96.359	169.978	267.454
93.181	94.913	259.401
121.249	124.146	187.155
92.986	98.597	254.459
173.768	91.378	180.865
179.725	99.835	259.818
104.107	90.523	266.179
90.184	97.987	199.625
134.614	173.134	235.436
108.285	95.689	206.656
146.018	179.999	251.754
96.175	94.491	180.626
101.824	101.668	269.319
179.827	143.801	185.279
172.933	101.376	184.241
99.102	95.441	264.147
132.51	92.4	190.168
115.975	144.784	199.716
102.129	96.7	196.985
133.705	174.497	227.097
175.993	117.203	265.509
119.801	128.722	189.361
116.258	135.828	183.002
162.715	133.937	201.166
92.104	95.866	240.24
158.56	167.891	228.108
157.818	105.008	180.308
91.516	95.253	261.109
152.97	160.921	262.232
111.798	97.028	185.123
159.397	156.794	255.173
163.58	90.154	181.225
91.752	97.015	192.058
115.495	133.901	260.016
97.965	96.188	254.317
176.292	90.974	263.641
92.055	99.223	199.477
95.199	91.479	263.647
143.464	122.447	263.359
176.589	160.393	248.112
92.585	94.649	228.229
107.938	96.94	268.997
93.252	93.911	206.365
177.02	143.239	267.586
176.232	94.444	259.791
164.981	170.74	257.533
177.13	156.376	228.594
125.525	175.682	198.559
94.474	90.308	183.269
101.341	170.109	187.806
168.274	150.221	189.361
106.172	93.343	250.641
170.972	94.113	268.132
168.934	153.272	253.924
178.489	172.385	267.141
178.618	162.027	254.371
101.399	170.949	200.891
150.171	176.561	239.465
104.722	97.181	184.697
179.53	100.622	264.482
151.498	159.085	234.694
153.421	159.351	234.747
