   2.6976938e+02   8.9698648e+01   1.8011713e+02
   1.8014523e+02   8.9708241e+01   2.6914278e+02
   1.5393532e+02   7.4129159e+01   1.3712690e+02
   3.4206262e+02   7.4967741e+01   2.0788736e+02
   1.8014226e+02   8.9499497e+01   1.7946950e+02
   3.0595412e+02   1.4220215e+02   8.7873270e+01
   3.6874202e+01   1.2544167e+02   3.1818488e+02
   1.7970840e+02   8.9697966e+01   8.9816800e+01
   2.1085728e+02   5.8793887e+01   2.3551964e+02
   3.0051033e+02   8.8203126e+01   2.9074520e+02
   1.8007300e+02   9.0195324e+01   1.8046825e+02
   1.6454920e+02   1.1334548e+02   1.2803395e+02
   3.4934327e+02   6.7633018e+01   7.1534546e+01
   4.0354786e+00   5.6795959e-01   8.5827282e+01
   2.7034998e+02   9.0133683e+01   9.0131619e+01
   3.1069994e+02   4.8514419e+01   1.5056288e+02
   1.0443955e+02   4.0256570e-01   7.5708021e+01
   1.5951564e+02   1.7949095e+02   2.4997781e+02
   3.3510397e+02   1.1397493e+02   2.4377625e+02
   2.5151150e+02   1.7942517e+02   1.6113428e+02
   3.5982296e+02   9.0340744e+01   3.7555864e-01
   9.9989096e+01   5.4423999e+01   5.4768254e+01
   4.7219018e+01   3.2117660e-01   3.1241600e+02
   9.0949886e+01   8.9900512e+01   8.9152934e+01
   3.3808873e+02   1.5192198e+02   2.3234801e+02
   1.5912261e+02   7.2094485e+01   1.8913290e+02
   3.5919790e+02   8.9666755e+01   2.6956525e+02
   5.3982654e+01   5.5843001e+01   2.5195405e+02
   1.7795961e+02   5.3140862e-01   2.7185940e+02
   1.5083738e+02   1.4471823e+02   2.9688846e+02
   3.3148778e+02   1.0225212e+02   2.0838831e+02
   1.4979938e+02   7.4512020e+01   8.5169934e+01
   2.0078824e+02   2.0905101e+01   1.5345007e+02
   5.0967515e+01   2.9790663e+01   3.5536275e+02
   8.9460709e+01   8.9485170e+01   9.0319738e+01
   2.6991987e+02   8.9682018e+01   1.7935391e+02
   2.7914854e+02   1.6270147e+02   5.0599328e+01
   1.0588680e+02   4.5379884e-01   7.3745126e+01
   3.4002374e+02   1.1087516e+02   1.5766334e+02
   2.8539108e+02   9.5846164e+01   2.5660718e+02
   1.7170420e+02   4.4914929e+01   1.0024692e+01
   1.3590187e+00   9.0148884e+01   2.7070503e+02
   1.8063643e+02   8.9838330e+01   2.6987547e+02
   2.3889215e+02   6.1850242e-01   2.1066600e+02
   2.0453431e+02   4.7026668e+01   2.6953246e+02
   3.5981410e+02   8.9450969e+01   3.5971070e+02
   3.1827794e+02   7.6968444e+01   1.5614237e+02
   2.2282208e+02   1.3641208e+02   2.9414947e+02
   2.6988432e+02   8.9479689e+01   2.7006968e+02
   1.1077100e+01   1.7982107e+02   1.9149910e+02
   2.7017771e+02   8.9513016e+01   9.1033977e+01
   2.7710330e+02   1.2164633e+02   2.8700403e+02
   4.1570204e+01   4.6898735e+01   1.6415553e+02
   3.5989563e+02   8.9653620e+01   2.7002128e+02
   3.5941032e+02   8.9908583e+01   3.5989277e+02
   1.5191955e+00   4.9102272e-01   8.8262208e+01
   8.6723456e+01   9.4407787e-01   2.9119043e+00
   6.7327144e+01   6.1646642e+01   1.5023063e+02
   5.8590009e-02   8.9398044e+01   4.3181496e-02
   2.7017139e+02   8.9755936e+01   3.5965156e+02
   1.0710820e+02   1.2336160e+01   3.3295307e+02
   2.1915838e+02   1.7958961e+02   3.8954225e+01
   2.9262088e+02   7.2917159e+01   1.9739701e+02
   1.4501304e+02   1.3449284e+02   3.3365021e+01
   1.8466253e+02   5.4650301e+01   2.6214489e+02
   3.5948870e+02   9.1028707e+01   3.5960672e+02
   3.4368831e+02   1.0054433e+02   1.2353515e+02
   2.1051928e-01   9.9653632e+01   2.9645326e+02
   3.9108068e+00   1.2187627e+02   1.4341265e+02
   3.3731859e+02   4.7217533e-01   2.1984171e+01
   5.0972302e+00   1.7920796e+02   1.8444670e+02
   6.9872944e+01   9.6618697e+01   3.2404408e+02
   7.6838404e-01   9.0583798e+01   2.7134562e+02
   1.9311375e+02   1.0759537e+02   1.7432436e+02
   8.9648055e+01   8.9341006e+01   3.5949605e+02
   2.6938356e+02   8.9995398e+01   2.6965510e+02
   3.0522881e+02   6.8205423e+01   9.8865251e+01
   9.1088988e-01   1.3442036e+02   2.3804293e+02
   3.1102903e+02   1.0134062e+02   2.2285894e+02
   6.1302804e+01   1.7098250e+02   2.3803758e+02
   2.7028119e+02   8.8756719e+01   1.8016942e+02
   2.4759993e+01   5.9716208e+01   2.4067144e+02
   2.6987066e+02   8.9684950e+01   2.7020429e+02
   2.9935298e+02   9.5494173e+01   8.0656005e+01
   1.0747845e+02   1.0043954e+02   6.4581955e+01
   3.5928484e+02   8.9245097e+01   9.0428163e+01
   8.7980035e+01   1.0934028e+02   2.3089354e+02
   3.5953899e+02   8.9848155e+01   2.6967530e+02
   1.4840921e+02   1.0167351e+02   4.2685295e+00
   3.5923442e+02   9.0602771e+01   2.7044999e+02
   2.0934086e+02   1.0224683e+02   3.3508390e+02
   3.3000511e+02   1.7862995e+01   1.5277006e+02
   2.9265165e+02   9.4580476e+01   3.2458965e+01
   1.9417866e+02   1.2259406e+02   2.3289077e+01
   2.7060060e+02   8.9675033e+01   2.7024104e+02
   3.1375991e+01   1.0995756e+02   2.8005551e+02
   3.5973314e+02   9.0539771e+01   9.0238823e+01
   2.9269334e+02   7.4874995e+01   1.1306290e+02
   1.9507539e+01   1.7969005e+02   1.0980379e+02
   8.9566799e+01   9.0993154e+01   1.8029054e+02
   9.0236795e+01   8.9774380e+01   1.7946384e+02
   2.9455859e+02   7.4879793e+01   1.9425861e+02
   9.0468197e+01   9.0227464e+01   2.7070141e+02
   2.7378416e+02   3.9592591e-01   8.6187242e+01
   1.8611098e+02   1.3331203e+02   1.0543444e+02
   3.5977588e+02   9.0050385e+01   2.7091650e+02
   1.8070700e+02   8.9558558e+01   8.3227446e-01
   2.8994821e-01   9.0580939e+01   2.6984365e+02
   3.5952177e+02   9.0321695e+01   1.7942911e+02
   1.8002411e+02   8.9718376e+01   1.7972123e+02
   2.7030909e+02   9.0049960e+01   8.9916374e+01
   2.4962835e+02   6.5681390e-01   1.1075423e+02
   3.0512523e+02   1.7931832e+02   3.4604970e+01
   2.2245201e+02   7.0491329e-01   1.3708735e+02
   8.6264827e+01   1.6843378e+02   1.7291539e+02
   1.7383511e+02   1.7940396e+02   8.3066869e+01
   3.0242901e+02   1.7939924e+02   3.0267251e+02
   2.1969448e+02   1.1782602e+02   1.6595694e+02
   9.6498353e+01   8.8612337e+01   1.1242651e+02
   8.2712183e+01   5.9452690e+01   2.5780495e+02
   9.8096532e+01   1.1169929e+02   2.2997255e+02
   1.8045434e+02   9.0078876e+01   9.0223874e+01
   2.6043504e+02   9.9614888e+01   2.7382705e+02
   8.0319997e+01   1.1996768e+02   3.1809170e+02
   8.9875932e+01   9.0117509e+01   3.5951673e+02
   2.7015010e+02   8.9577338e+01   2.7009393e+02
   3.5128349e+02   1.7919290e+02   1.7079203e+02
   1.4010701e+02   6.1215125e+01   3.2500315e+02
   9.0682039e+01   8.9627435e+01   2.6998981e+02
   1.7315167e+02   1.0933382e+02   1.3682316e+02
   2.7004711e+02   8.9645799e+01   1.7993957e+02
   1.8005088e+02   8.9732263e+01   2.7023871e+02
   8.9970785e+01   8.9698089e+01   2.6958701e+02
   9.0644286e+01   9.0398072e+01   2.7040448e+02
   1.5701319e+02   6.9209952e+01   3.4874570e+02
   1.0594536e+01   1.2102353e+02   1.1027539e+02
   2.6957063e+02   8.9606007e+01   1.8016908e+02
   3.4326948e+02   6.6871128e+01   2.8631018e+02
   3.2988697e+02   1.2195618e+02   1.7977066e+02
   1.3119596e+02   7.7405185e+01   1.8620419e+02
   9.0142844e+01   8.9987223e+01   1.8029064e+02
   1.4927384e+02   9.0419541e+01   6.6834867e+01
   1.8523209e+02   1.1450382e+02   3.0004069e+02
   1.8126702e+02   1.2085390e+02   3.4029925e+00
   2.3891775e+02   1.4043247e+02   2.3840630e+02
   1.8005701e+02   8.9727358e+01   1.8039834e+02
   9.1745456e+01   9.4820243e+01   2.3734391e+02
   9.0247524e+01   9.0787372e+01   1.8004180e+02
   1.7284449e+02   1.2830070e+02   2.8882480e+02
   5.3571743e-01   9.0132346e+01   2.7034076e+02
   1.8051390e+02   9.0151785e+01   2.7036547e+02
   1.8832884e+02   1.5393785e+02   1.6609146e+02
   9.0050010e+01   9.0159627e+01   3.5946419e+02
   2.3195799e+02   1.4087454e+02   1.7707764e+02
   2.0417367e+02   4.0288101e+01   1.4833363e+02
   1.8610565e+02   1.4278885e+01   7.8337230e+01
   8.9205226e+01   9.0246597e+01   8.9869380e+01
   5.2428670e+01   6.7680083e-01   2.1791733e+02
   5.2272768e+01   1.7972864e+02   2.3190336e+02
   3.5129320e+01   5.8861198e-01   5.5226015e+01
   3.5974024e+02   8.9833429e+01   1.8009953e+02
   1.7995980e+02   9.0470769e+01   1.1439125e-01
   1.8951753e+02   3.7040303e+01   3.0670797e+02
   1.2553174e+02   7.8433676e+01   2.7638025e+02
   2.6955949e+02   8.9988587e+01   4.4698802e-01
   2.7064236e+02   9.0298036e+01   3.5939734e+02
   3.1928069e+02   3.9140252e+01   2.7399901e+02
   2.6948702e+02   9.0352920e+01   1.7991945e+02
   2.7034182e+02   3.5835993e+01   8.8975310e+01
   2.6544293e+02   5.8308205e+01   2.1320965e+02
   2.2343801e+02   6.2566657e-01   3.1639246e+02
   1.5527722e+02   6.2039812e+01   1.7139010e+02
   1.2691737e+02   1.7910792e+02   1.2718355e+02
   3.5174267e+02   2.3475110e-01   1.8868307e+02
   3.0893809e+02   8.6932354e+01   2.0413364e+02
   1.7006079e+02   1.7943970e+02   2.6002587e+02
   1.8013384e+02   9.1124455e+01   9.0176882e+01
   3.2370659e+02   7.0065489e-01   3.5386640e+01
   1.5405878e+01   6.5616351e+01   1.4937351e+02
   9.0251015e+01   9.0034101e+01   3.5942582e+02
   1.3761427e+02   1.7939430e+02   2.2758584e+02
   1.6066308e+02   1.7956345e+02   3.4093149e+02
   2.7061319e+02   9.0073191e+01   2.7034336e+02
   1.8900685e+02   1.1288139e+02   1.1617952e+02
   2.9938992e-01   9.0024243e+01   1.8012183e+02
   1.6409756e+02   7.2600425e+01   1.1024177e+02
   3.0389149e+02   1.0719473e+02   2.1340968e+02
   3.5977507e+02   9.0101060e+01   8.9470079e+01
   3.1913403e+02   7.2510772e+01   1.5873659e+02
   1.8020925e+02   8.9461938e+01   2.7024528e+02
   3.2575976e+02   1.2666503e+02   2.1590517e+02
   3.0734762e+02   1.4443681e-01   2.3317009e+02
   1.8015867e+02   9.0121817e+01   1.7915070e+02
   1.6796398e+02   7.9489999e+01   1.5294334e+02
   2.6763572e+02   9.6008519e+01   2.2466464e+02
   3.5984142e+02   8.9931797e+01   1.7924231e+02
   6.8028077e+01   1.1158617e+02   6.6293477e+01
   9.0531508e+01   9.0097310e+01   1.7954546e+02
   9.0024039e+01   8.9584500e+01   1.9195944e-01
   9.0100149e+01   8.9757726e+01   2.6974962e+02
   5.3650728e+01   6.8867164e+01   1.2305062e+02
   2.3167387e+01   1.7950695e+02   1.1343582e+02
   2.6272967e+02   1.3207409e+02   2.4398662e+02
   2.9852966e+02   6.5819610e+01   3.2287526e+02
   3.5230414e+02   3.6055626e+01   1.7880529e+02
   9.5925363e+01   9.2496618e+01   6.4917733e+01
   1.4848069e+02   1.7080479e+02   4.6030191e+01
   3.5618531e+02   1.0922006e+02   2.3465910e+02
   5.4473986e+01   1.0732684e+02   3.2250704e+02
   2.7077694e+02   9.0123566e+01   3.5989406e+02
   2.9060635e+02   7.3094779e+01   3.0828285e+02
   2.3751952e+02   3.9762683e+01   1.2843109e+02
   4.2372823e-03   8.9833253e+01   9.0225748e+01
   7.1803170e+01   1.1656124e+02   3.0462750e+02
   2.3947519e+02   6.8193900e+01   3.2175354e+02
   2.8374967e+02   8.5486778e+01   2.9212863e+01
   1.7952419e+02   8.9830076e+01   3.7309167e-01
   2.6998890e+02   9.0697411e+01   2.7037914e+02
   2.1368266e+02   1.5613709e+02   2.5862785e+02
   2.5630680e+02   1.1297701e+02   1.0070772e+02
   3.5961844e+02   9.0212091e+01   2.7038768e+02
   3.0628525e+02   1.1027067e+02   3.4349338e+02
   1.2575268e+02   1.7946233e+02   3.0652976e+02
   9.9528393e+01   2.3775745e+01   1.6792801e+02
   2.2638927e+02   8.4971837e+01   3.3943277e+02
   1.8687977e+02   1.3488231e+02   1.5364118e+02
   3.2642093e+02   1.0760619e+02   2.7716392e+02
   1.5904095e+01   1.0756452e+02   2.6164658e+02
   4.3216521e-01   8.9692632e+01   8.6290793e-02
   8.9763845e+01   8.9916787e+01   8.9553034e+01
   1.7989949e+02   9.0205584e+01   2.7001236e+02
   1.8005588e+02   8.9247151e+01   2.7056799e+02
   3.3688372e+02   7.0894293e+01   2.0399215e+02
   1.0841657e+02   1.0577552e+02   2.4690195e+02
   1.6860378e+02   6.7774331e+00   1.2369248e+02
   4.0789224e+01   1.0469591e+02   2.3949548e+02
   8.8920147e+01   9.0609485e+01   3.5965214e+02
   1.8520536e+02   1.0626104e+02   1.1579850e+02
   1.7986980e+02   9.0643329e+01   3.5938014e+02
   3.5292391e+02   6.7843232e+01   3.4983450e+01
   7.4824702e+01   1.7897492e+02   2.5459613e+02
   7.3850848e+01   1.7943345e+02   7.3634766e+01
   1.5143709e+02   1.7919772e+02   1.5178054e+02
   3.1133736e-01   8.9314626e+01   2.6923074e+02
   1.9456531e+02   1.7943235e+02   1.4352132e+01
   4.6103619e-01   9.0222647e+01   2.6997854e+02
   3.0935668e+02   2.8379036e-01   5.1179169e+01
   2.6005764e+02   1.0304249e+02   2.2328941e+01
   3.5993457e+02   9.0049495e+01   2.7053116e+02
   2.7688443e+01   4.0067579e-01   6.1776839e+01
   1.4675378e-01   9.0175116e+01   8.9462441e+01
   4.1631991e-01   8.9591767e+01   2.6996058e+02
   1.7923361e+02   9.0293817e+01   8.8918803e+01
   1.9248685e+01   1.2953418e+02   1.6277048e+02
   2.7193604e+02   3.4060675e+01   2.2919817e+02
   2.1516692e+02   4.3319543e+01   1.1299593e+01
   2.6728085e+02   2.8873726e+01   1.2963367e+02
   8.9435074e+01   3.0420511e-01   9.7733957e-01
   3.1858823e+02   1.7944206e+02   2.2802343e+02
   6.2906913e+01   7.5932079e+01   6.3046467e+01
   1.8033830e+02   8.9615164e+01   8.9989961e+01
   1.4931246e+02   6.7516311e-01   3.0103672e+02
   6.3633991e-01   8.9935079e+01   9.0376961e+01
   1.8036489e+02   8.9838550e+01   1.8074103e+02
   4.0176585e-01   9.0234821e+01   9.0601841e+01
   2.7015988e+02   9.0360804e+01   3.5960124e+02
   3.4342975e+02   1.1898135e+02   7.7230465e+01
   8.9744947e+01   9.0172418e+01   9.0100957e+01
   2.7082329e+02   8.9513000e+01   1.8074200e+02
   3.9077122e+01   1.6293964e+02   2.9853998e+02
   6.6845768e+01   1.0446431e+02   1.6875449e+02
   1.7933421e+02   8.9882940e+01   2.7080446e+02
   1.8012113e+02   9.0678817e+01   1.7954535e+02
   3.0930844e+02   6.3585311e+01   1.8836207e+02
   2.9886866e+02   1.7906267e+02   2.9874889e+02
   1.8076522e+02   9.0763902e+01   1.1797779e-01
   2.7060665e+02   9.1020477e+01   1.7991143e+02
   1.1893526e+02   6.2064928e+01   3.3720601e+02
   8.0756589e+01   1.2955120e+02   2.4975940e+02
   1.5026036e+02   1.4339644e+02   2.0952656e+02
   3.4242236e+02   1.3160394e+02   3.5595307e+02
   7.6909511e+01   8.8785371e+01   2.8691455e+02
   2.7024636e+02   9.0453064e+01   1.8048371e+02
   1.5549930e+02   8.8599316e+01   3.0518392e+02
   3.0331726e+02   1.7980806e+02   3.2618393e+01
   1.8027709e+02   9.1356487e+01   1.7954451e+02
   2.2486069e+02   3.9784094e-01   4.4911661e+01
   1.1558577e+01   7.7282877e+01   2.1394217e+02
   8.4428446e-01   8.9973804e+01   2.7021915e+02
   3.5536723e+02   9.8084970e+01   2.4430698e+02
   1.8002319e+02   5.1054145e+01   2.9859278e+02
   1.5227503e+02   6.1258204e+00   3.8354537e+01
   8.3932284e+01   9.3026623e+01   7.9662329e+01
   2.3124703e+01   1.1369319e+02   7.2064090e+01
   2.9052224e+02   7.5016052e-01   1.5861150e+02
   1.3463529e+02   1.7973560e+02   3.1482275e+02
   3.3600853e+02   1.5935418e+02   3.0332489e+02
   7.6547455e+01   3.2650664e-01   1.0381276e+02
   2.1191785e+02   1.7955315e+02   2.1137075e+02
   2.7369370e+02   6.0995173e+01   2.7914065e+02
   2.4370282e+02   1.5862932e+02   3.2574958e+02
   2.8966205e+02   1.3278179e+02   3.7776757e+01
   3.5998556e+02   8.9438896e+01   8.9989862e+01
   2.6974069e+02   9.0549468e+01   1.8055882e+02
   1.8009897e+02   9.0591764e+01   8.8242313e-02
   2.7043828e+02   8.9731450e+01   1.7977327e+02
   6.8946628e+01   1.6525590e+02   3.1733902e+02
   2.4674004e+02   1.1206359e+02   2.3914416e+02
   1.9307439e-01   8.9796262e+01   9.0000569e+01
   8.7793388e+01   6.9421969e+01   2.1144922e+02
   1.4488576e+02   1.1241080e+02   2.3429099e+02
   4.4328231e+01   7.4474935e+01   3.0822425e+02
   2.0023971e-01   8.9832594e+01   3.5970062e+02
   1.2685220e+02   1.7876175e+02   2.1720046e+02
   2.0983375e+02   1.2094938e+02   2.4047539e+01
   6.3303020e+01   9.3268965e+01   1.9858818e+02
   1.3547612e+02   7.5540575e+01   3.3963742e+02
   3.5999066e+02   8.9493883e+01   1.8018072e+02
   1.9254874e+02   6.5943796e+01   2.5049584e+02
   1.7932307e+02   9.0282001e+01   1.7952520e+02
   1.7701793e+02   3.4611246e+01   2.2649383e+01
   3.3894938e+02   1.0519529e+02   1.1698794e+02
   1.1456541e+02   1.3567879e+02   3.0467939e+02
   1.8527156e+02   1.7946837e+02   2.7637354e+02
   8.9681256e+01   8.9792306e+01   7.3412727e-01
   2.5763874e+01   1.1206961e+02   1.6209747e+02
   3.2270049e+02   2.4346194e+01   3.2212731e+01
   2.2786361e-02   9.0718827e+01   8.9184915e+01
   2.6982826e+02   8.9491070e+01   3.5998113e+02
   9.0349579e+01   8.9253101e+01   9.0168112e+01
   1.4608681e+02   1.7885333e+02   1.4640827e+02
   1.1729085e+02   1.2230154e+00   1.5274390e+02
   2.6984874e+02   8.9900223e+01   1.7985981e+02
   2.2653407e+02   2.0270492e+01   2.1240488e+02
   3.5454444e+02   1.5314359e+02   1.6721819e+02
   2.3165032e+02   3.7576367e+01   1.7270295e+02
   1.8086584e+02   9.0356233e+01   2.7075628e+02
   1.7935817e+02   9.0328502e+01   7.1615202e-02
   8.9516013e+01   8.9600471e+01   2.6999306e+02
   2.8192529e+02   4.2569710e-01   1.6767447e+02
   2.1335966e+02   7.9182479e-01   2.3669792e+02
   1.4951219e-03   9.0239441e+01   9.0271992e+01
   8.9932046e+01   9.0474539e+01   1.8083001e+02
   3.3619771e+02   1.2288547e+02   1.8240818e+02
   1.1198680e+02   1.7980294e+02   2.0278929e+02
   1.7462529e-01   8.9597071e+01   8.9735227e+01
   2.7040241e+02   8.9634545e+01   2.7098113e+02
   3.2619317e+02   7.2315278e+01   7.1547826e+01
   2.3053418e+02   6.5418361e+01   1.6674801e+02
   1.6630763e+02   1.0058592e+02   2.3143671e+02
   1.0334897e+02   1.2561393e+02   3.0040122e+02
   3.2358704e+02   4.5032556e+01   1.8527523e+02
   5.9967379e+01   5.4778534e+01   2.1285028e+02
   1.0253775e+02   1.2306121e+02   2.1408810e+02
   5.5861000e-01   8.9844049e+01   8.9051618e+01
   2.0870328e+02   1.1711433e+02   2.7327035e+02
   1.7955394e+02   9.0102458e+01   2.6976904e+02
   3.1985471e+02   1.7970676e+02   2.2901692e+02
   2.6984148e+02   9.0587164e+01   4.2536554e-01
   3.5773862e+02   3.4267367e+01   2.6443833e+02
   7.5500595e+00   1.5189928e+02   2.1874303e+02
   6.6058266e+00   5.3353373e+01   1.9885852e+02
   5.3960553e+01   4.7862062e+01   9.7317021e+01
   1.4696906e+02   1.0779235e+02   1.2156714e+02
   4.7771562e+00   1.3536048e+02   2.9074308e+02
   2.4752007e+01   2.1146159e-01   6.5542265e+01
   9.7493017e-01   8.9782007e+01   3.5937051e+02
   5.7243485e-01   1.4777916e+02   1.0184520e+02
   2.1977757e+02   4.5281227e-01   3.2098587e+02
   1.1336970e+02   5.3163727e+01   2.3291564e+02
   2.7044112e+02   8.9882571e+01   2.6905368e+02
   2.6999216e+02   9.0320783e+01   1.7967266e+02
   8.5873792e+01   9.7099202e+00   1.7949240e+02
   4.6704156e+01   4.8609440e-01   3.1330448e+02
   1.2931034e+02   1.2272847e+02   2.3060438e+01
   2.7169101e+02   6.5124663e+01   1.9727161e+02
   2.6972054e+02   9.0722590e+01   2.7005994e+02
   3.2676362e+02   6.5444807e+01   2.8877822e+02
   1.8015061e+02   9.0329390e+01   1.8001192e+02
   2.5414106e+02   1.4595453e-01   1.5619181e+01
   1.8043102e+02   9.0144276e+01   1.8005979e+02
   9.0945549e+01   1.0924447e+02   3.4794051e+02
   1.8811256e+02   4.6521049e+01   9.8647817e+01
   1.8614359e+02   1.7919473e+02   2.7632896e+02
   1.3344764e+02   1.7181150e+02   4.1017032e+01
   8.9860071e+01   8.9492478e+01   8.9747133e+01
   3.2215698e+02   8.4364781e+01   2.1668623e+02
   3.1303264e+02   1.4669986e+02   1.8313450e+02
   1.7935198e+02   8.9472713e+01   1.9639152e-01
   1.7988315e+02   9.0756282e+01   1.7939936e+02
   1.4923642e+02   1.2477053e+02   3.4280580e+02
   2.4383244e+02   3.5192246e+01   3.4117152e+02
   2.3826860e+02   3.4879573e+01   1.6921702e+01
   1.8028086e+02   9.0579574e+01   3.5992782e+02
   3.5983489e+02   8.9194729e+01   9.0085461e+01
   6.5999827e-01   8.9895815e+01   1.7999605e+02
   2.6499614e+02   1.5351116e+02   1.3985413e+02
   1.4580494e+02   1.1528594e+02   3.3608664e+02
   2.0062023e+02   1.0615531e+02   3.5968386e+02
   1.3532144e+02   1.3755157e+01   2.8589852e+02
   2.5568172e+02   5.6471736e+01   1.3175593e+02
   1.7922868e+02   8.9323049e+01   9.0280467e+01
   8.9689756e+01   9.0555617e+01   1.2195537e-01
   1.2822667e+02   1.0053218e+02   2.1311397e+02
   1.0795461e+02   1.2944178e+00   3.4280901e+02
   2.6151753e+02   1.0620269e+02   1.4465654e+02
   9.5597258e+01   1.3770053e+02   1.8155947e+02
   2.6996066e+02   9.0360323e+01   1.8074247e+02
   8.2969239e+01   6.9128369e+01   1.0691500e+02
   3.5688723e+02   7.4149043e+01   6.1220531e+01
   9.0121895e+01   9.0027483e+01   9.0251373e+01
   2.7137632e+02   4.2019036e+01   1.5773478e+02
   1.7955281e+02   8.9839936e+01   3.5947776e+02
   2.8373791e+02   1.2053825e+02   1.2425086e+02
   3.5964015e+02   9.0623267e+01   1.7991260e+02
   2.7030591e+02   8.9795456e+01   2.7042340e+02
   1.7988003e+02   8.9137214e+01   3.5994776e+02
   7.2720589e+01   1.1358939e+02   2.7164207e+02
   2.6467923e+02   9.1863655e+01   1.9880803e+02
   2.2623468e+02   1.5444025e+02   3.0296500e+02
   3.4319646e+02   4.4839577e+01   3.4492721e+01
   1.3093724e+02   7.7792954e-01   4.9289457e+01
   1.9537868e+02   9.5967008e+01   2.3049132e+01
   1.0203017e+00   9.0876231e+01   1.8018008e+02
   8.9771638e+01   9.0219092e+01   1.7992957e+02
   7.3669842e+01   1.6049986e+02   2.6487526e+02
   3.0198316e+02   2.7232196e-01   5.7307177e+01
   9.0220284e+01   8.9468515e+01   2.7043972e+02
   9.0170568e+01   8.9541770e+01   1.8055829e+02
   2.7417533e+02   1.4061527e+02   1.1779985e+02
   2.7163423e+02   4.1132558e+01   2.3841025e+02
   2.0440812e+01   2.8958595e+01   8.2616287e+01
   1.1666055e+02   1.3851350e+02   1.0969471e+02
   9.3734681e+01   1.8682122e+00   1.7631792e+02
   2.7015635e+02   8.9639215e+01   2.6953792e+02
   2.0241017e+02   8.1260592e+01   5.7470840e+01
   1.0059275e+02   1.1480516e+02   1.5851483e+02
   2.1725609e+02   1.4589801e+02   2.4194541e+02
   2.7031477e+02   9.0732901e+01   1.7942279e+02
   8.8688735e+01   1.7974275e+02   1.7857644e+02
   7.3934610e-02   8.9592740e+01   9.0378978e+01
   4.5379342e+01   2.1045082e+01   2.6894481e+00
   1.2255820e+02   6.0495783e+01   3.1612392e+02
   3.5977800e+02   9.0483455e+01   2.6962867e+02
   2.7029886e+02   8.9760259e+01   6.9472181e-01
   2.0237473e+02   1.3726024e+02   3.4240005e+01
   1.1768400e+02   1.1498912e+02   1.4310086e+02
   1.8503266e+02   7.3416939e+01   2.4632939e+02
   1.8872169e+02   7.8800331e+01   5.5202701e+01
   2.7016097e+02   8.9831057e+01   2.7015576e+02
   2.5085972e+02   6.9308131e+01   2.8031996e+02
   2.6995856e+02   8.9965279e+01   8.9516857e+01
   6.5882712e+01   5.1035825e+01   4.4293710e+01
   5.3523519e+01   4.4631130e+01   1.0435101e+02
   2.5758607e+02   1.3246794e+02   2.3469915e+02
   2.5873294e+02   4.2163491e-01   1.0118920e+02
   2.1164438e+02   6.3310793e+01   3.3892570e+02
   1.8040724e+02   8.9873221e+01   8.9955748e+01
   5.1199683e+01   5.7085572e+01   2.3798549e+02
   1.7983160e+02   9.0133795e+01   3.5992066e+02
   3.5995555e+02   8.9564748e+01   2.7021217e+02
   2.0053420e+02   4.0009999e+01   2.3870891e+02
   8.9757349e+01   8.9424215e+01   3.5956835e+02
   1.0325884e+02   4.1325048e+01   2.5325458e+02
   1.8096875e+02   8.9862384e+01   2.6979741e+02
   2.4772584e+02   2.3931458e+01   2.2428725e+02
   2.3354072e+02   1.2271625e+02   5.5531532e+01
   4.2037827e+01   5.9435613e+01   2.6529072e+02
   3.1840697e+02   1.7924346e+02   2.2800324e+02
   1.2428488e+02   5.1951275e+01   2.5561710e+02
   1.4988549e+02   9.6070530e+01   2.7441736e+02
   2.6519743e+02   1.7969456e+02   3.5478593e+02
   1.7926312e+02   8.9567552e+01   1.7937087e+02
   3.2179621e+02   7.9525637e+01   2.4781723e+02
   1.0723017e+02   9.5338574e+01   1.7460882e+02
   7.3038150e+01   3.2096925e-01   2.8591063e+02
   1.7606260e+02   1.7945646e+02   1.7690079e+02
   1.9604438e+02   6.6639541e+01   1.6009592e+02
   9.0021445e+01   8.9749053e+01   2.7071713e+02
   1.4441882e+02   5.8535427e+01   2.6938739e+02
   9.0431345e+01   8.9626623e+01   2.7050090e+02
   1.4120984e-02   8.9545122e+01   9.0054594e+01
   2.6915970e+02   9.0611112e+01   2.7014883e+02
   2.6338867e+02   5.6889821e+01   2.8717243e+02
   2.6820649e+02   1.4307906e+02   3.5468999e+02
   1.3205597e+01   6.7861131e+01   1.4954894e+02
   2.2385421e+02   5.6862366e+01   1.8541039e+02
   3.5633783e+02   7.9676020e+01   2.3903939e+02
   2.7051694e+02   9.0234856e+01   8.9788238e+01
   3.5294044e+02   9.9047873e+01   3.0864095e+02
   3.8785032e-01   9.0289659e+01   1.8082855e+02
   1.4577638e+02   1.5449762e+01   1.3588321e+01
   2.4849323e+02   1.7908268e+02   1.5821447e+02
   1.4382647e+01   6.1602024e+01   4.0860027e+01
   7.6392042e+01   1.7947460e+02   2.5575424e+02
   1.1533324e+02   1.6391785e+02   2.5095413e+02
   3.5427843e+02   3.6176455e-01   5.7006218e+00
   2.4653600e+02   1.1953131e+02   2.7105379e+02
   8.4670372e+01   1.7902815e+02   2.6463925e+02
   2.7092711e+02   8.9373642e+01   2.7054054e+02
