   5.0723000e+01   7.8854000e+01   7.2787000e+01
   8.2691000e+01   7.3985000e+01   2.4561000e+01
   6.9172000e+01   4.0871000e+01   1.9776000e+01
   8.9572000e+01   8.6604000e+01   5.5727000e+01
   2.3487000e+01   7.3170000e+01   8.5767000e+01
   9.8330000e+00   8.7672000e+01   1.9960000e+01
   4.9226000e+01   4.1577000e+01   2.5401000e+01
   8.3996000e+01   3.5165000e+01   8.9840000e+00
   4.0623000e+01   7.2535000e+01   2.9914000e+01
   7.7777000e+01   4.7718000e+01   3.3938000e+01
   8.5820000e+01   7.7500000e-01   1.7134000e+01
   8.9684000e+01   8.6937000e+01   8.3490000e+01
   1.4198000e+01   2.5553000e+01   4.3120000e+00
   5.7540000e+01   8.5863000e+01   7.2471000e+01
   2.0051000e+01   3.3812000e+01   2.2676000e+01
   8.8357000e+01   6.4064000e+01   2.1891000e+01
   8.7320000e+00   5.3144000e+01   6.7711000e+01
   5.9262000e+01   7.1236000e+01   7.1476000e+01
   1.5884000e+01   1.8729000e+01   6.8634000e+01
   7.3120000e+00   3.1307000e+01   7.7492000e+01
   1.6834000e+01   5.1725000e+01   9.1740000e+00
   2.1693000e+01   5.2443000e+01   6.2179000e+01
   7.2810000e+00   8.2265000e+01   8.9753000e+01
   1.7040000e+01   1.3632000e+01   8.4930000e+01
   2.4528000e+01   5.9304000e+01   7.5943000e+01
   1.6054000e+01   6.6060000e+01   2.8021000e+01
   8.4952000e+01   8.8788000e+01   9.6400000e-01
   8.9951000e+01   8.6977000e+01   8.5864000e+01
   8.8827000e+01   8.8660000e+01   2.0965000e+01
   8.5754000e+01   8.9586000e+01   6.2086000e+01
   3.1970000e+00   8.8956000e+01   5.4178000e+01
   3.5012000e+01   7.5932000e+01   3.0870000e+00
   4.3197000e+01   8.1815000e+01   2.8291000e+01
   4.6369000e+01   8.4691000e+01   6.3904000e+01
   1.4574000e+01   1.8210000e+01   7.5690000e+01
   5.8696000e+01   5.0112000e+01   2.7016000e+01
   8.8434000e+01   2.5524000e+01   6.6830000e+00
   2.6010000e+00   6.2974000e+01   8.5399000e+01
   9.7640000e+00   2.8435000e+01   3.1397000e+01
   3.9615000e+01   7.6079000e+01   6.1286000e+01
   2.4745000e+01   4.3785000e+01   6.4390000e+01
   8.7995000e+01   8.7660000e+01   1.0756000e+01
   8.6427000e+01   6.3419000e+01   7.4962000e+01
   1.0849000e+01   3.3550000e+01   7.9491000e+01
   1.2690000e+00   5.2200000e+01   7.3858000e+01
   4.8852000e+01   7.5195000e+01   7.2207000e+01
   1.0930000e+00   8.8451000e+01   8.3466000e+01
   5.1536000e+01   4.1254000e+01   5.1492000e+01
   8.9272000e+01   8.9346000e+01   4.9600000e+00
   1.5357000e+01   7.8796000e+01   2.7630000e+00
   1.9310000e+00   7.8722000e+01   8.8105000e+01
   3.4435000e+01   7.3799000e+01   6.9908000e+01
   8.3988000e+01   8.6450000e+01   5.5299000e+01
   6.3723000e+01   8.1355000e+01   1.6985000e+01
   8.0159000e+01   1.8548000e+01   1.8381000e+01
   9.9840000e+00   5.5101000e+01   2.3040000e+00
   3.9250000e+01   7.1869000e+01   6.4761000e+01
   2.5382000e+01   6.9115000e+01   8.6185000e+01
   5.2600000e+00   6.1452000e+01   1.1687000e+01
   6.0950000e+00   1.4888000e+01   7.0600000e-01
   1.1140000e+01   2.1808000e+01   7.9186000e+01
   2.6310000e+00   6.4264000e+01   4.7930000e+00
   7.3230000e+00   5.7967000e+01   7.3120000e+00
   7.0144000e+01   2.2853000e+01   2.7387000e+01
   1.8710000e+01   6.5360000e+00   5.8551000e+01
   3.0197000e+01   6.0835000e+01   1.1396000e+01
   8.7078000e+01   3.6465000e+01   2.6217000e+01
   7.6470000e+00   1.1958000e+01   7.7893000e+01
   1.9856000e+01   8.2166000e+01   2.1377000e+01
   9.4200000e-01   6.2589000e+01   7.9760000e+00
   8.9654000e+01   8.5061000e+01   7.9710000e+00
   6.2900000e-01   7.5704000e+01   3.0084000e+01
   8.0584000e+01   7.2662000e+01   6.0569000e+01
   8.5960000e+01   8.8753000e+01   7.7887000e+01
   3.2166000e+01   6.8838000e+01   7.0845000e+01
   1.2440000e+01   1.1343000e+01   8.4584000e+01
   4.4330000e+00   6.2670000e+01   8.9039000e+01
   9.2730000e+00   8.2730000e+00   7.9310000e+01
   1.3536000e+01   1.6004000e+01   8.2806000e+01
   6.2061000e+01   1.1745000e+01   2.1408000e+01
   8.3685000e+01   8.6262000e+01   1.7757000e+01
   7.3259000e+01   3.3844000e+01   2.3141000e+01
   8.1345000e+01   7.9106000e+01   3.0507000e+01
   1.2602000e+01   7.3880000e+00   7.5443000e+01
   7.2550000e+01   6.8448000e+01   5.0953000e+01
   5.5746000e+01   7.2390000e+01   6.4591000e+01
   4.3186000e+01   2.3514000e+01   4.5007000e+01
   4.3384000e+01   5.9533000e+01   6.6291000e+01
   3.9690000e+00   6.3127000e+01   7.8428000e+01
   8.0431000e+01   8.6390000e+01   8.8940000e+00
   8.0244000e+01   2.7552000e+01   6.5552000e+01
   3.4880000e+00   4.5009000e+01   1.9779000e+01
   6.8540000e+01   1.3248000e+01   4.0181000e+01
   8.9978000e+01   8.5368000e+01   2.1984000e+01
   3.1600000e-01   8.0449000e+01   8.6482000e+01
   8.0156000e+01   8.9243000e+01   2.1169000e+01
   8.5590000e+00   7.0781000e+01   1.1346000e+01
   2.0751000e+01   8.1375000e+01   1.4365000e+01
   7.8404000e+01   8.5458000e+01   7.9400000e-01
   1.0531000e+01   7.5903000e+01   8.8857000e+01
   8.4435000e+01   8.0557000e+01   2.3369000e+01
   5.6669000e+01   8.2214000e+01   3.3457000e+01
   3.2400000e-01   6.6808000e+01   7.6561000e+01
   5.8120000e+00   3.0279000e+01   8.0931000e+01
   8.9099000e+01   8.9169000e+01   3.4470000e+00
   4.3422000e+01   6.2111000e+01   1.9309000e+01
   8.2543000e+01   5.2379000e+01   3.7204000e+01
   1.1728000e+01   1.7916000e+01   7.7423000e+01
   4.6700000e-01   3.4390000e+00   1.8730000e+00
   1.4557000e+01   3.1525000e+01   5.7845000e+01
   8.9180000e+00   5.5590000e+01   7.8969000e+01
   4.9671000e+01   7.0310000e+01   6.9224000e+01
   1.1503000e+01   1.0455000e+01   8.5982000e+01
   4.9391000e+01   7.7577000e+01   7.4580000e+01
   8.6355000e+01   8.9904000e+01   8.3235000e+01
   1.0286000e+01   1.5587000e+01   4.1373000e+01
   8.2048000e+01   8.3896000e+01   7.8662000e+01
   7.0600000e+01   6.3650000e+00   2.5725000e+01
   8.3828000e+01   8.9862000e+01   8.4482000e+01
   9.3900000e-01   7.8683000e+01   8.7179000e+01
   3.0051000e+01   8.4410000e+01   7.7703000e+01
   2.3674000e+01   2.6693000e+01   7.3355000e+01
   1.9955000e+01   6.9261000e+01   8.0049000e+01
   1.2646000e+01   8.4167000e+01   8.7407000e+01
   1.7360000e+00   8.2491000e+01   5.3560000e+00
   8.3853000e+01   8.3071000e+01   4.7830000e+01
   1.0171000e+01   6.6358000e+01   7.6695000e+01
   9.9650000e+00   6.9702000e+01   5.2500000e-01
   6.6230000e+01   3.9210000e+01   8.5224000e+01
   2.6480000e+00   5.5210000e+00   1.6095000e+01
   2.5000000e-02   3.6845000e+01   8.0049000e+01
   8.5372000e+01   8.2006000e+01   2.7371000e+01
   5.9140000e+00   7.8833000e+01   8.8099000e+01
   1.1168000e+01   8.0314000e+01   1.9580000e+00
   2.5640000e+01   2.1371000e+01   2.5747000e+01
   5.5430000e+01   5.2007000e+01   3.9376000e+01
   2.3783000e+01   7.4158000e+01   1.1525000e+01
   7.8489000e+01   6.7217000e+01   5.6570000e+01
   1.0275000e+01   2.9937000e+01   5.6381000e+01
   1.2681000e+01   1.0191000e+01   8.9930000e+00
   7.9848000e+01   8.5652000e+01   6.8362000e+01
   8.5559000e+01   7.4052000e+01   5.7713000e+01
   8.3007000e+01   8.7252000e+01   8.8558000e+01
   4.8435000e+01   1.7934000e+01   5.1585000e+01
   1.4241000e+01   2.1562000e+01   8.0661000e+01
   8.4048000e+01   7.4167000e+01   7.1306000e+01
   4.2850000e+00   8.8618000e+01   8.0060000e+01
   8.8481000e+01   4.0540000e+00   6.2540000e+00
   6.2929000e+01   4.1426000e+01   8.5530000e+00
   1.6167000e+01   8.5310000e+01   1.9200000e+00
   5.1360000e+01   7.5376000e+01   7.0609000e+01
   8.6116000e+01   8.2955000e+01   3.7978000e+01
   6.8340000e+01   1.4383000e+01   2.5006000e+01
   8.0046000e+01   8.6769000e+01   7.6887000e+01
   3.9931000e+01   5.9661000e+01   6.7466000e+01
   5.8987000e+01   7.1896000e+01   1.4615000e+01
   1.5880000e+00   6.0136000e+01   8.9294000e+01
   4.4815000e+01   5.2960000e+01   5.2376000e+01
   4.9072000e+01   5.5745000e+01   8.1090000e+01
   7.7882000e+01   7.4644000e+01   7.6632000e+01
   5.4140000e+00   4.2000000e+00   8.8237000e+01
   3.2759000e+01   2.5626000e+01   6.9046000e+01
   4.2268000e+01   5.7479000e+01   1.2519000e+01
   8.7885000e+01   2.9010000e+00   8.6174000e+01
   7.6091000e+01   6.9304000e+01   3.8593000e+01
   7.4900000e+00   8.6812000e+01   8.8695000e+01
   1.6370000e+00   6.1012000e+01   4.2941000e+01
   1.0470000e+01   8.2533000e+01   8.5715000e+01
   8.8978000e+01   8.1002000e+01   8.4358000e+01
   2.9870000e+01   8.5845000e+01   7.8579000e+01
   2.3759000e+01   1.6754000e+01   5.7463000e+01
   8.1060000e+01   8.5170000e+01   7.8582000e+01
   5.2650000e+00   4.4260000e+01   3.0268000e+01
   3.9008000e+01   1.0963000e+01   5.4480000e+01
   9.9260000e+00   3.6907000e+01   3.0469000e+01
   1.0215000e+01   7.1885000e+01   8.1348000e+01
   2.1780000e+00   6.4426000e+01   7.8093000e+01
   2.8346000e+01   8.4987000e+01   3.3262000e+01
   2.0215000e+01   2.6735000e+01   6.3536000e+01
   6.4770000e+00   3.3935000e+01   7.8497000e+01
   2.9307000e+01   8.6928000e+01   2.1232000e+01
   3.5075000e+01   6.5406000e+01   1.2591000e+01
   5.0638000e+01   5.8874000e+01   7.5992000e+01
   3.6229000e+01   3.9826000e+01   8.8912000e+01
   5.1819000e+01   7.6563000e+01   6.6445000e+01
   3.5314000e+01   6.3815000e+01   7.3715000e+01
   8.8011000e+01   6.3965000e+01   3.8412000e+01
   5.6610000e+00   1.6779000e+01   8.6479000e+01
   5.1470000e+00   1.0522000e+01   7.5080000e+01
   1.7853000e+01   1.5138000e+01   8.3227000e+01
   3.5556000e+01   6.2913000e+01   6.3401000e+01
   8.7698000e+01   7.5291000e+01   7.1161000e+01
   4.5084000e+01   7.5721000e+01   6.3789000e+01
   2.5843000e+01   3.5128000e+01   6.1047000e+01
   2.3943000e+01   8.6742000e+01   7.3734000e+01
   2.8692000e+01   7.8244000e+01   1.5107000e+01
   8.4853000e+01   8.4250000e+01   6.1090000e+00
   9.0100000e-01   5.1401000e+01   7.4402000e+01
   4.9700000e-01   7.6770000e+01   8.8682000e+01
   8.0285000e+01   8.3863000e+01   8.3864000e+01
   7.5984000e+01   8.5440000e+01   1.6425000e+01
   6.4272000e+01   7.9011000e+01   6.9210000e+01
   6.5983000e+01   5.4455000e+01   4.0381000e+01
   4.4938000e+01   3.2096000e+01   5.1093000e+01
   1.4299000e+01   6.9119000e+01   1.2646000e+01
   1.3129000e+01   1.7257000e+01   6.5415000e+01
   8.4067000e+01   8.8456000e+01   4.7619000e+01
   1.2756000e+01   2.8872000e+01   2.3671000e+01
   8.8190000e+01   8.7894000e+01   4.7080000e+00
   8.7355000e+01   8.7383000e+01   4.7960000e+00
   1.7488000e+01   8.1262000e+01   8.7866000e+01
   6.0410000e+01   8.6368000e+01   7.7047000e+01
   1.4200000e+00   5.9339000e+01   8.7292000e+01
   1.2132000e+01   7.1587000e+01   5.5070000e+00
   1.0141000e+01   4.7626000e+01   8.8467000e+01
   3.1216000e+01   2.9737000e+01   5.5255000e+01
   7.4748000e+01   8.6481000e+01   8.3738000e+01
   7.4847000e+01   8.4053000e+01   1.1539000e+01
   1.9360000e+00   4.9116000e+01   9.4920000e+00
   1.1180000e+00   5.1821000e+01   1.1890000e+00
   6.9630000e+00   3.9935000e+01   6.6085000e+01
   8.8547000e+01   8.8914000e+01   3.0000000e-02
   1.1294000e+01   5.4166000e+01   7.0188000e+01
   8.5707000e+01   8.2749000e+01   2.4437000e+01
   7.4124000e+01   7.5670000e+01   1.5195000e+01
   1.3187000e+01   8.0071000e+01   5.6360000e+00
   8.7174000e+01   8.0234000e+01   8.9758000e+01
   8.1930000e+00   7.0275000e+01   8.5310000e+00
   8.9843000e+01   8.7542000e+01   6.2020000e+00
   8.4573000e+01   8.5079000e+01   3.0350000e+00
   8.3279000e+01   2.2329000e+01   1.3632000e+01
   8.9659000e+01   8.6492000e+01   8.5163000e+01
   8.0491000e+01   8.0222000e+01   1.2500000e+00
   8.2842000e+01   8.5344000e+01   6.7050000e+00
   1.5112000e+01   5.5964000e+01   3.8210000e+00
   9.1490000e+00   6.5620000e+01   3.0304000e+01
   5.1953000e+01   2.1538000e+01   4.8608000e+01
   5.5200000e+01   7.0883000e+01   8.3441000e+01
   3.8712000e+01   5.5738000e+01   5.9333000e+01
   2.7190000e+00   8.5735000e+01   8.9149000e+01
   7.9380000e+00   6.9394000e+01   8.9366000e+01
   1.6334000e+01   8.4300000e+00   5.5700000e+01
   7.4110000e+00   8.0422000e+01   8.4243000e+01
   3.6973000e+01   3.2845000e+01   6.9455000e+01
   8.2287000e+01   8.9788000e+01   6.5851000e+01
   8.7440000e+01   7.8696000e+01   5.2740000e+00
   8.4553000e+01   8.0667000e+01   2.5429000e+01
   1.7743000e+01   2.6383000e+01   3.5589000e+01
   6.3459000e+01   8.2371000e+01   5.0970000e+01
   4.0708000e+01   1.6042000e+01   6.2995000e+01
   8.8184000e+01   8.8010000e+01   1.0940000e+01
   4.4199000e+01   5.5842000e+01   4.1670000e+01
   1.3497000e+01   9.6850000e+00   8.0620000e+01
   5.8310000e+00   7.0635000e+01   8.6789000e+01
   3.1280000e+00   2.6860000e+01   6.8757000e+01
   1.0025000e+01   2.6480000e+00   6.0638000e+01
   6.7160000e+00   6.9259000e+01   8.9157000e+01
   8.5375000e+01   8.0855000e+01   6.3368000e+01
   8.6894000e+01   8.9818000e+01   9.5340000e+00
   5.7680000e+00   6.2943000e+01   7.9675000e+01
   3.9176000e+01   7.5834000e+01   6.7211000e+01
   6.9350000e+00   8.0840000e+01   8.0285000e+01
   3.9478000e+01   7.6360000e+01   3.6602000e+01
   8.0164000e+01   1.8221000e+01   8.7303000e+01
   6.1116000e+01   7.6820000e+01   7.4789000e+01
   8.3136000e+01   8.0007000e+01   7.4764000e+01
   8.6940000e+01   8.8652000e+01   7.0545000e+01
   7.0340000e+00   6.2579000e+01   8.3674000e+01
   6.5890000e+00   5.4377000e+01   7.6335000e+01
   8.2307000e+01   7.9764000e+01   5.7834000e+01
   3.6825000e+01   5.7396000e+01   1.5694000e+01
   1.8416000e+01   2.8306000e+01   7.6717000e+01
   4.5713000e+01   7.0257000e+01   7.8340000e+01
   1.0929000e+01   7.1670000e+01   8.5993000e+01
   2.4237000e+01   7.6661000e+01   3.6083000e+01
   3.8560000e+01   3.3214000e+01   5.8119000e+01
   2.2457000e+01   7.9822000e+01   3.3446000e+01
   9.8660000e+00   8.7782000e+01   8.0610000e+00
   3.6440000e+01   1.7345000e+01   1.6150000e+01
   8.6701000e+01   7.3309000e+01   7.3237000e+01
   2.7110000e+01   8.6800000e+01   7.2840000e+00
   6.5338000e+01   7.7965000e+01   8.2477000e+01
   2.1097000e+01   6.9099000e+01   2.0004000e+01
   2.3088000e+01   7.9662000e+01   7.4635000e+01
   3.9077000e+01   7.2958000e+01   6.9768000e+01
   4.3620000e+00   6.0452000e+01   7.5706000e+01
   5.2047000e+01   7.4461000e+01   5.1008000e+01
   8.8201000e+01   8.6776000e+01   4.4350000e+01
   4.4729000e+01   6.6242000e+01   5.5760000e+01
   6.3370000e+00   7.9431000e+01   8.4205000e+01
   2.0438000e+01   3.9287000e+01   4.2529000e+01
   8.7701000e+01   7.4875000e+01   5.6801000e+01
   4.5249000e+01   5.5018000e+01   7.5245000e+01
   8.4202000e+01   7.9081000e+01   3.7599000e+01
   2.3511000e+01   4.7303000e+01   4.6048000e+01
   8.1169000e+01   6.4590000e+00   2.7357000e+01
   7.6703000e+01   8.9187000e+01   5.6000000e-01
   3.8805000e+01   3.7774000e+01   1.9420000e+00
   1.8186000e+01   7.0069000e+01   7.3767000e+01
   3.3748000e+01   6.4113000e+01   2.1951000e+01
   5.8455000e+01   7.1053000e+01   6.7090000e+01
   2.7780000e+01   4.9559000e+01   5.0248000e+01
   1.1259000e+01   3.8406000e+01   3.3890000e+00
   8.3125000e+01   8.8835000e+01   7.9906000e+01
   1.7441000e+01   1.5211000e+01   7.7107000e+01
   1.6142000e+01   7.4601000e+01   8.2700000e-01
   8.3081000e+01   8.0796000e+01   9.4760000e+00
   4.1690000e+00   5.2699000e+01   8.0821000e+01
   4.7141000e+01   1.4689000e+01   4.5685000e+01
   6.4630000e+00   7.1988000e+01   8.5257000e+01
   8.9820000e+00   3.2511000e+01   3.6478000e+01
   1.2225000e+01   1.5430000e+01   3.2910000e+00
   8.7794000e+01   8.7395000e+01   8.1452000e+01
   1.0893000e+01   2.5927000e+01   8.2147000e+01
   8.7781000e+01   8.2615000e+01   3.9687000e+01
   4.6103000e+01   6.3907000e+01   7.4415000e+01
   8.6855000e+01   8.5742000e+01   1.7360000e+00
   8.8097000e+01   8.4803000e+01   3.9060000e+00
   7.2380000e+01   6.3017000e+01   5.1039000e+01
   2.3050000e+01   3.7165000e+01   5.5516000e+01
   4.6265000e+01   8.3641000e+01   7.3471000e+01
   6.7192000e+01   5.9576000e+01   8.7388000e+01
   8.7825000e+01   8.2712000e+01   1.7702000e+01
   8.8553000e+01   8.2863000e+01   8.4619000e+01
   8.3641000e+01   1.0022000e+01   8.7454000e+01
   5.8751000e+01   5.5854000e+01   7.1550000e+00
   5.8993000e+01   6.1149000e+01   4.1194000e+01
   5.4953000e+01   7.2111000e+01   5.7614000e+01
   7.1715000e+01   8.4311000e+01   2.6656000e+01
   7.8176000e+01   7.8332000e+01   8.9319000e+01
   1.7300000e-01   3.6199000e+01   5.2790000e+00
   8.0898000e+01   8.4559000e+01   8.4147000e+01
   4.7490000e+01   8.7600000e+01   1.0168000e+01
   6.4025000e+01   3.5216000e+01   1.9716000e+01
   1.5807000e+01   6.5193000e+01   8.0983000e+01
   4.9728000e+01   5.1101000e+01   6.2033000e+01
   6.0199000e+01   5.1278000e+01   9.3610000e+00
   1.3052000e+01   7.3417000e+01   7.2751000e+01
   4.9734000e+01   7.3605000e+01   8.1999000e+01
   6.3742000e+01   4.4172000e+01   3.0020000e+00
   2.5269000e+01   8.0971000e+01   6.6099000e+01
   6.9172000e+01   5.1052000e+01   3.2411000e+01
   1.7285000e+01   4.6063000e+01   2.1166000e+01
   2.1440000e+01   1.2109000e+01   4.8108000e+01
   7.3360000e+00   1.3339000e+01   5.2258000e+01
   6.4505000e+01   4.6099000e+01   8.0016000e+01
   8.7945000e+01   8.0777000e+01   1.9477000e+01
   3.6536000e+01   5.7553000e+01   8.3359000e+01
   3.4110000e+00   1.9607000e+01   6.8112000e+01
   6.3074000e+01   1.9334000e+01   2.4530000e+00
   7.0029000e+01   5.9858000e+01   1.7224000e+01
   8.7415000e+01   8.5351000e+01   4.8229000e+01
   4.2738000e+01   7.6157000e+01   5.6395000e+01
   2.9800000e+00   3.6761000e+01   8.7586000e+01
   1.5019000e+01   9.2600000e+00   7.7533000e+01
   2.8700000e+00   2.3624000e+01   4.8594000e+01
   7.3828000e+01   8.6657000e+01   7.0641000e+01
   1.1066000e+01   2.6728000e+01   7.3924000e+01
   5.1882000e+01   2.7450000e+01   1.1338000e+01
   1.5110000e+00   7.6150000e+00   8.7141000e+01
   7.5278000e+01   8.2819000e+01   4.6970000e+00
   9.1160000e+00   1.6293000e+01   7.5006000e+01
   7.6140000e+00   6.3759000e+01   9.2860000e+00
   8.1161000e+01   8.7856000e+01   8.0087000e+01
   1.7164000e+01   6.7718000e+01   7.7588000e+01
   6.3871000e+01   3.0751000e+01   7.5564000e+01
   7.4407000e+01   3.5262000e+01   3.5130000e+00
   4.8240000e+01   9.4960000e+00   2.1836000e+01
   4.3776000e+01   1.3482000e+01   4.6460000e+01
   5.2351000e+01   5.5531000e+01   6.2923000e+01
   3.5904000e+01   2.5605000e+01   8.0057000e+01
   8.8896000e+01   3.3588000e+01   4.3153000e+01
   8.4655000e+01   8.8877000e+01   7.4789000e+01
   3.9373000e+01   5.8532000e+01   7.1259000e+01
   2.6135000e+01   5.6135000e+01   8.3512000e+01
   8.8465000e+01   8.8849000e+01   6.8722000e+01
   8.5690000e+01   8.9482000e+01   5.0300000e-01
   8.5213000e+01   8.3606000e+01   1.7740000e+00
   9.1440000e+00   5.5766000e+01   8.2172000e+01
   3.2806000e+01   3.9828000e+01   2.4750000e+00
   9.7000000e-01   8.2429000e+01   4.1310000e+00
   8.8841000e+01   8.1684000e+01   7.4034000e+01
   2.8263000e+01   8.9965000e+01   2.8291000e+01
   4.4768000e+01   8.1847000e+01   7.3336000e+01
   5.2850000e+00   2.0969000e+01   3.4720000e+00
   4.9176000e+01   5.0383000e+01   8.6740000e+00
   1.0407000e+01   7.8496000e+01   8.3727000e+01
   4.9349000e+01   7.2146000e+01   7.7423000e+01
   5.1690000e+01   6.9394000e+01   7.2833000e+01
   3.4004000e+01   3.2983000e+01   7.5434000e+01
   5.6834000e+01   6.8179000e+01   2.1116000e+01
   4.3156000e+01   1.5613000e+01   6.1170000e+00
   8.1329000e+01   7.7851000e+01   2.5385000e+01
   3.8475000e+01   5.3176000e+01   5.4999000e+01
   2.0155000e+01   3.5540000e+00   5.7826000e+01
   6.0590000e+00   2.4465000e+01   7.0403000e+01
   8.5289000e+01   8.9526000e+01   6.9754000e+01
   8.7160000e+01   8.3513000e+01   8.6547000e+01
   5.8455000e+01   6.1538000e+01   5.7674000e+01
   4.8720000e+01   7.2433000e+01   7.5811000e+01
   4.0175000e+01   7.3816000e+01   6.6330000e+00
   5.4910000e+00   8.4712000e+01   7.8148000e+01
   8.1639000e+01   2.3077000e+01   7.4896000e+01
   3.3237000e+01   2.9414000e+01   6.6500000e+01
   1.9776000e+01   5.5876000e+01   6.6796000e+01
   3.2330000e+00   2.7608000e+01   5.1552000e+01
   1.3533000e+01   8.1361000e+01   3.6170000e+00
   1.4708000e+01   6.2490000e+01   7.5053000e+01
   6.1800000e-01   6.0849000e+01   6.8400000e-01
   7.9552000e+01   8.3175000e+01   1.2813000e+01
   8.6677000e+01   3.0379000e+01   7.0309000e+01
   1.4969000e+01   5.9702000e+01   8.3787000e+01
   4.4707000e+01   6.2127000e+01   6.0435000e+01
   8.9290000e+00   3.7520000e+01   6.5615000e+01
   1.3786000e+01   6.1730000e+00   5.4140000e+01
   8.6558000e+01   8.7478000e+01   3.3402000e+01
   8.0557000e+01   8.8018000e+01   6.5802000e+01
   7.6426000e+01   7.9170000e+01   5.5760000e+00
   5.6318000e+01   2.9254000e+01   6.7752000e+01
   3.6610000e+00   7.6477000e+01   8.3515000e+01
   7.7854000e+01   8.9633000e+01   1.7073000e+01
   2.6423000e+01   2.0738000e+01   8.2307000e+01
   1.5030000e+01   2.3378000e+01   5.7238000e+01
   3.4237000e+01   5.8292000e+01   1.5178000e+01
   1.2286000e+01   3.4500000e+01   8.8995000e+01
   3.8651000e+01   4.9305000e+01   1.0201000e+01
   7.8434000e+01   8.9552000e+01   3.9600000e-01
   6.6609000e+01   6.4799000e+01   5.8276000e+01
   2.7277000e+01   8.1242000e+01   1.5217000e+01
   3.8250000e+01   1.9623000e+01   6.8744000e+01
   2.3665000e+01   5.7256000e+01   7.4130000e+01
   5.9155000e+01   6.3450000e+01   7.9483000e+01
   1.3354000e+01   1.3001000e+01   8.3323000e+01
   5.2338000e+01   8.0612000e+01   7.4910000e+01
   7.3613000e+01   8.3221000e+01   7.8634000e+01
   6.4162000e+01   4.6643000e+01   2.8458000e+01
   2.2545000e+01   5.0569000e+01   1.9081000e+01
   2.7990000e+00   6.3017000e+01   8.2224000e+01
   5.7680000e+00   4.8210000e+01   7.3188000e+01
   8.6627000e+01   5.1484000e+01   1.5785000e+01
   1.3851000e+01   1.6942000e+01   8.6311000e+01
   2.5410000e+00   7.7701000e+01   8.3220000e+00
   1.2011000e+01   4.0592000e+01   3.9140000e+00
   7.9461000e+01   7.7486000e+01   5.4659000e+01
   1.2558000e+01   3.0081000e+01   3.0353000e+01
   1.4772000e+01   2.0157000e+01   6.5719000e+01
   6.2210000e+00   7.8776000e+01   3.0680000e+00
   2.1090000e+00   5.3653000e+01   9.1960000e+00
   8.2845000e+01   8.2286000e+01   8.5421000e+01
   3.3589000e+01   8.5617000e+01   7.9703000e+01
   5.2300000e+00   6.7754000e+01   8.9865000e+01
   7.7840000e+00   5.0844000e+01   6.2866000e+01
   5.0591000e+01   8.1781000e+01   1.6453000e+01
   7.4833000e+01   6.9089000e+01   8.2293000e+01
   1.0388000e+01   3.1351000e+01   4.0019000e+01
   9.0940000e+00   1.5806000e+01   7.3391000e+01
   1.9350000e+01   7.2916000e+01   1.9828000e+01
   5.2709000e+01   6.5206000e+01   5.9951000e+01
   3.9470000e+00   6.7342000e+01   8.1447000e+01
   7.5036000e+01   2.4979000e+01   7.1390000e+00
   1.6192000e+01   3.0400000e+01   6.7350000e+00
   1.3368000e+01   1.2575000e+01   8.0733000e+01
   5.2395000e+01   6.5884000e+01   3.6069000e+01
   3.5325000e+01   7.8730000e+01   3.4968000e+01
   7.8807000e+01   8.9549000e+01   1.1407000e+01
   1.2313000e+01   1.0102000e+01   6.1770000e+00
   1.4500000e+00   8.5493000e+01   8.9000000e+01
   3.3682000e+01   6.6215000e+01   8.2177000e+01
   4.7504000e+01   7.6317000e+01   6.2591000e+01
   4.9800000e+00   7.1493000e+01   8.2749000e+01
   4.0892000e+01   7.0713000e+01   6.4780000e+01
   2.8890000e+00   6.4975000e+01   7.5316000e+01
   5.9501000e+01   5.2721000e+01   3.1620000e+01
   4.3757000e+01   3.9163000e+01   6.2187000e+01
   2.5160000e+00   3.2266000e+01   7.9906000e+01
   8.9846000e+01   8.3203000e+01   7.2658000e+01
   4.6380000e+01   5.9107000e+01   1.8990000e+01
   3.1280000e+00   8.6001000e+01   8.8333000e+01
   7.2130000e+00   6.1057000e+01   7.8739000e+01
   4.6320000e+01   5.3224000e+01   4.5575000e+01
   1.1162000e+01   6.8113000e+01   8.4770000e+01
   7.3140000e+00   3.9568000e+01   4.2768000e+01
   1.8160000e+00   2.8332000e+01   8.3312000e+01
   2.2215000e+01   7.4010000e+00   7.1743000e+01
   6.4240000e+00   1.3445000e+01   9.2000000e-01
   3.5674000e+01   5.5854000e+01   1.3395000e+01
   6.0015000e+01   8.4448000e+01   7.8420000e+01
   1.5104000e+01   5.4056000e+01   7.8478000e+01
   9.3300000e+00   9.5490000e+00   6.8538000e+01
   1.1311000e+01   5.5987000e+01   2.1520000e+01
   3.4935000e+01   3.0952000e+01   4.2164000e+01
   3.7324000e+01   7.0798000e+01   7.1463000e+01
   1.5933000e+01   1.8734000e+01   2.9002000e+01
   3.8871000e+01   7.3240000e+01   3.9536000e+01
   5.6900000e-01   6.0023000e+01   7.5340000e+00
   4.7004000e+01   8.3397000e+01   5.4516000e+01
   6.7903000e+01   4.9868000e+01   4.9981000e+01
   4.8020000e+01   8.0216000e+01   7.4418000e+01
   7.3900000e-01   8.1760000e+01   2.1935000e+01
   5.5200000e-01   4.9513000e+01   3.2713000e+01
   2.3072300e+02   7.8854000e+01   7.2787000e+01
   2.6269100e+02   7.3985000e+01   2.4561000e+01
   2.4917200e+02   4.0871000e+01   1.9776000e+01
   2.6957200e+02   8.6604000e+01   5.5727000e+01
   2.0348700e+02   7.3170000e+01   8.5767000e+01
   1.8983300e+02   8.7672000e+01   1.9960000e+01
   2.2922600e+02   4.1577000e+01   2.5401000e+01
   2.6399600e+02   3.5165000e+01   8.9840000e+00
   2.2062300e+02   7.2535000e+01   2.9914000e+01
   2.5777700e+02   4.7718000e+01   3.3938000e+01
   2.6582000e+02   7.7500000e-01   1.7134000e+01
   2.6968400e+02   8.6937000e+01   8.3490000e+01
   1.9419800e+02   2.5553000e+01   4.3120000e+00
   2.3754000e+02   8.5863000e+01   7.2471000e+01
   2.0005100e+02   3.3812000e+01   2.2676000e+01
   2.6835700e+02   6.4064000e+01   2.1891000e+01
   1.8873200e+02   5.3144000e+01   6.7711000e+01
   2.3926200e+02   7.1236000e+01   7.1476000e+01
   1.9588400e+02   1.8729000e+01   6.8634000e+01
   1.8731200e+02   3.1307000e+01   7.7492000e+01
   1.9683400e+02   5.1725000e+01   9.1740000e+00
   2.0169300e+02   5.2443000e+01   6.2179000e+01
   1.8728100e+02   8.2265000e+01   8.9753000e+01
   1.9704000e+02   1.3632000e+01   8.4930000e+01
   2.0452800e+02   5.9304000e+01   7.5943000e+01
   1.9605400e+02   6.6060000e+01   2.8021000e+01
   2.6495200e+02   8.8788000e+01   9.6400000e-01
   2.6995100e+02   8.6977000e+01   8.5864000e+01
   2.6882700e+02   8.8660000e+01   2.0965000e+01
   2.6575400e+02   8.9586000e+01   6.2086000e+01
   1.8319700e+02   8.8956000e+01   5.4178000e+01
   2.1501200e+02   7.5932000e+01   3.0870000e+00
   2.2319700e+02   8.1815000e+01   2.8291000e+01
   2.2636900e+02   8.4691000e+01   6.3904000e+01
   1.9457400e+02   1.8210000e+01   7.5690000e+01
   2.3869600e+02   5.0112000e+01   2.7016000e+01
   2.6843400e+02   2.5524000e+01   6.6830000e+00
   1.8260100e+02   6.2974000e+01   8.5399000e+01
   1.8976400e+02   2.8435000e+01   3.1397000e+01
   2.1961500e+02   7.6079000e+01   6.1286000e+01
   2.0474500e+02   4.3785000e+01   6.4390000e+01
   2.6799500e+02   8.7660000e+01   1.0756000e+01
   2.6642700e+02   6.3419000e+01   7.4962000e+01
   1.9084900e+02   3.3550000e+01   7.9491000e+01
   1.8126900e+02   5.2200000e+01   7.3858000e+01
   2.2885200e+02   7.5195000e+01   7.2207000e+01
   1.8109300e+02   8.8451000e+01   8.3466000e+01
   2.3153600e+02   4.1254000e+01   5.1492000e+01
   2.6927200e+02   8.9346000e+01   4.9600000e+00
   1.9535700e+02   7.8796000e+01   2.7630000e+00
   1.8193100e+02   7.8722000e+01   8.8105000e+01
   2.1443500e+02   7.3799000e+01   6.9908000e+01
   2.6398800e+02   8.6450000e+01   5.5299000e+01
   2.4372300e+02   8.1355000e+01   1.6985000e+01
   2.6015900e+02   1.8548000e+01   1.8381000e+01
   1.8998400e+02   5.5101000e+01   2.3040000e+00
   2.1925000e+02   7.1869000e+01   6.4761000e+01
   2.0538200e+02   6.9115000e+01   8.6185000e+01
   1.8526000e+02   6.1452000e+01   1.1687000e+01
   1.8609500e+02   1.4888000e+01   7.0600000e-01
   1.9114000e+02   2.1808000e+01   7.9186000e+01
   1.8263100e+02   6.4264000e+01   4.7930000e+00
   1.8732300e+02   5.7967000e+01   7.3120000e+00
   2.5014400e+02   2.2853000e+01   2.7387000e+01
   1.9871000e+02   6.5360000e+00   5.8551000e+01
   2.1019700e+02   6.0835000e+01   1.1396000e+01
   2.6707800e+02   3.6465000e+01   2.6217000e+01
   1.8764700e+02   1.1958000e+01   7.7893000e+01
   1.9985600e+02   8.2166000e+01   2.1377000e+01
   1.8094200e+02   6.2589000e+01   7.9760000e+00
   2.6965400e+02   8.5061000e+01   7.9710000e+00
   1.8062900e+02   7.5704000e+01   3.0084000e+01
   2.6058400e+02   7.2662000e+01   6.0569000e+01
   2.6596000e+02   8.8753000e+01   7.7887000e+01
   2.1216600e+02   6.8838000e+01   7.0845000e+01
   1.9244000e+02   1.1343000e+01   8.4584000e+01
   1.8443300e+02   6.2670000e+01   8.9039000e+01
   1.8927300e+02   8.2730000e+00   7.9310000e+01
   1.9353600e+02   1.6004000e+01   8.2806000e+01
   2.4206100e+02   1.1745000e+01   2.1408000e+01
   2.6368500e+02   8.6262000e+01   1.7757000e+01
   2.5325900e+02   3.3844000e+01   2.3141000e+01
   2.6134500e+02   7.9106000e+01   3.0507000e+01
   1.9260200e+02   7.3880000e+00   7.5443000e+01
   2.5255000e+02   6.8448000e+01   5.0953000e+01
   2.3574600e+02   7.2390000e+01   6.4591000e+01
   2.2318600e+02   2.3514000e+01   4.5007000e+01
   2.2338400e+02   5.9533000e+01   6.6291000e+01
   1.8396900e+02   6.3127000e+01   7.8428000e+01
   2.6043100e+02   8.6390000e+01   8.8940000e+00
   2.6024400e+02   2.7552000e+01   6.5552000e+01
   1.8348800e+02   4.5009000e+01   1.9779000e+01
   2.4854000e+02   1.3248000e+01   4.0181000e+01
   2.6997800e+02   8.5368000e+01   2.1984000e+01
   1.8031600e+02   8.0449000e+01   8.6482000e+01
   2.6015600e+02   8.9243000e+01   2.1169000e+01
   1.8855900e+02   7.0781000e+01   1.1346000e+01
   2.0075100e+02   8.1375000e+01   1.4365000e+01
   2.5840400e+02   8.5458000e+01   7.9400000e-01
   1.9053100e+02   7.5903000e+01   8.8857000e+01
   2.6443500e+02   8.0557000e+01   2.3369000e+01
   2.3666900e+02   8.2214000e+01   3.3457000e+01
   1.8032400e+02   6.6808000e+01   7.6561000e+01
   1.8581200e+02   3.0279000e+01   8.0931000e+01
   2.6909900e+02   8.9169000e+01   3.4470000e+00
   2.2342200e+02   6.2111000e+01   1.9309000e+01
   2.6254300e+02   5.2379000e+01   3.7204000e+01
   1.9172800e+02   1.7916000e+01   7.7423000e+01
   1.8046700e+02   3.4390000e+00   1.8730000e+00
   1.9455700e+02   3.1525000e+01   5.7845000e+01
   1.8891800e+02   5.5590000e+01   7.8969000e+01
   2.2967100e+02   7.0310000e+01   6.9224000e+01
   1.9150300e+02   1.0455000e+01   8.5982000e+01
   2.2939100e+02   7.7577000e+01   7.4580000e+01
   2.6635500e+02   8.9904000e+01   8.3235000e+01
   1.9028600e+02   1.5587000e+01   4.1373000e+01
   2.6204800e+02   8.3896000e+01   7.8662000e+01
   2.5060000e+02   6.3650000e+00   2.5725000e+01
   2.6382800e+02   8.9862000e+01   8.4482000e+01
   1.8093900e+02   7.8683000e+01   8.7179000e+01
   2.1005100e+02   8.4410000e+01   7.7703000e+01
   2.0367400e+02   2.6693000e+01   7.3355000e+01
   1.9995500e+02   6.9261000e+01   8.0049000e+01
   1.9264600e+02   8.4167000e+01   8.7407000e+01
   1.8173600e+02   8.2491000e+01   5.3560000e+00
   2.6385300e+02   8.3071000e+01   4.7830000e+01
   1.9017100e+02   6.6358000e+01   7.6695000e+01
   1.8996500e+02   6.9702000e+01   5.2500000e-01
   2.4623000e+02   3.9210000e+01   8.5224000e+01
   1.8264800e+02   5.5210000e+00   1.6095000e+01
   1.8002500e+02   3.6845000e+01   8.0049000e+01
   2.6537200e+02   8.2006000e+01   2.7371000e+01
   1.8591400e+02   7.8833000e+01   8.8099000e+01
   1.9116800e+02   8.0314000e+01   1.9580000e+00
   2.0564000e+02   2.1371000e+01   2.5747000e+01
   2.3543000e+02   5.2007000e+01   3.9376000e+01
   2.0378300e+02   7.4158000e+01   1.1525000e+01
   2.5848900e+02   6.7217000e+01   5.6570000e+01
   1.9027500e+02   2.9937000e+01   5.6381000e+01
   1.9268100e+02   1.0191000e+01   8.9930000e+00
   2.5984800e+02   8.5652000e+01   6.8362000e+01
   2.6555900e+02   7.4052000e+01   5.7713000e+01
   2.6300700e+02   8.7252000e+01   8.8558000e+01
   2.2843500e+02   1.7934000e+01   5.1585000e+01
   1.9424100e+02   2.1562000e+01   8.0661000e+01
   2.6404800e+02   7.4167000e+01   7.1306000e+01
   1.8428500e+02   8.8618000e+01   8.0060000e+01
   2.6848100e+02   4.0540000e+00   6.2540000e+00
   2.4292900e+02   4.1426000e+01   8.5530000e+00
   1.9616700e+02   8.5310000e+01   1.9200000e+00
   2.3136000e+02   7.5376000e+01   7.0609000e+01
   2.6611600e+02   8.2955000e+01   3.7978000e+01
   2.4834000e+02   1.4383000e+01   2.5006000e+01
   2.6004600e+02   8.6769000e+01   7.6887000e+01
   2.1993100e+02   5.9661000e+01   6.7466000e+01
   2.3898700e+02   7.1896000e+01   1.4615000e+01
   1.8158800e+02   6.0136000e+01   8.9294000e+01
   2.2481500e+02   5.2960000e+01   5.2376000e+01
   2.2907200e+02   5.5745000e+01   8.1090000e+01
   2.5788200e+02   7.4644000e+01   7.6632000e+01
   1.8541400e+02   4.2000000e+00   8.8237000e+01
   2.1275900e+02   2.5626000e+01   6.9046000e+01
   2.2226800e+02   5.7479000e+01   1.2519000e+01
   2.6788500e+02   2.9010000e+00   8.6174000e+01
   2.5609100e+02   6.9304000e+01   3.8593000e+01
   1.8749000e+02   8.6812000e+01   8.8695000e+01
   1.8163700e+02   6.1012000e+01   4.2941000e+01
   1.9047000e+02   8.2533000e+01   8.5715000e+01
   2.6897800e+02   8.1002000e+01   8.4358000e+01
   2.0987000e+02   8.5845000e+01   7.8579000e+01
   2.0375900e+02   1.6754000e+01   5.7463000e+01
   2.6106000e+02   8.5170000e+01   7.8582000e+01
   1.8526500e+02   4.4260000e+01   3.0268000e+01
   2.1900800e+02   1.0963000e+01   5.4480000e+01
   1.8992600e+02   3.6907000e+01   3.0469000e+01
   1.9021500e+02   7.1885000e+01   8.1348000e+01
   1.8217800e+02   6.4426000e+01   7.8093000e+01
   2.0834600e+02   8.4987000e+01   3.3262000e+01
   2.0021500e+02   2.6735000e+01   6.3536000e+01
   1.8647700e+02   3.3935000e+01   7.8497000e+01
   2.0930700e+02   8.6928000e+01   2.1232000e+01
   2.1507500e+02   6.5406000e+01   1.2591000e+01
   2.3063800e+02   5.8874000e+01   7.5992000e+01
   2.1622900e+02   3.9826000e+01   8.8912000e+01
   2.3181900e+02   7.6563000e+01   6.6445000e+01
   2.1531400e+02   6.3815000e+01   7.3715000e+01
   2.6801100e+02   6.3965000e+01   3.8412000e+01
   1.8566100e+02   1.6779000e+01   8.6479000e+01
   1.8514700e+02   1.0522000e+01   7.5080000e+01
   1.9785300e+02   1.5138000e+01   8.3227000e+01
   2.1555600e+02   6.2913000e+01   6.3401000e+01
   2.6769800e+02   7.5291000e+01   7.1161000e+01
   2.2508400e+02   7.5721000e+01   6.3789000e+01
   2.0584300e+02   3.5128000e+01   6.1047000e+01
   2.0394300e+02   8.6742000e+01   7.3734000e+01
   2.0869200e+02   7.8244000e+01   1.5107000e+01
   2.6485300e+02   8.4250000e+01   6.1090000e+00
   1.8090100e+02   5.1401000e+01   7.4402000e+01
   1.8049700e+02   7.6770000e+01   8.8682000e+01
   2.6028500e+02   8.3863000e+01   8.3864000e+01
   2.5598400e+02   8.5440000e+01   1.6425000e+01
   2.4427200e+02   7.9011000e+01   6.9210000e+01
   2.4598300e+02   5.4455000e+01   4.0381000e+01
   2.2493800e+02   3.2096000e+01   5.1093000e+01
   1.9429900e+02   6.9119000e+01   1.2646000e+01
   1.9312900e+02   1.7257000e+01   6.5415000e+01
   2.6406700e+02   8.8456000e+01   4.7619000e+01
   1.9275600e+02   2.8872000e+01   2.3671000e+01
   2.6819000e+02   8.7894000e+01   4.7080000e+00
   2.6735500e+02   8.7383000e+01   4.7960000e+00
   1.9748800e+02   8.1262000e+01   8.7866000e+01
   2.4041000e+02   8.6368000e+01   7.7047000e+01
   1.8142000e+02   5.9339000e+01   8.7292000e+01
   1.9213200e+02   7.1587000e+01   5.5070000e+00
   1.9014100e+02   4.7626000e+01   8.8467000e+01
   2.1121600e+02   2.9737000e+01   5.5255000e+01
   2.5474800e+02   8.6481000e+01   8.3738000e+01
   2.5484700e+02   8.4053000e+01   1.1539000e+01
   1.8193600e+02   4.9116000e+01   9.4920000e+00
   1.8111800e+02   5.1821000e+01   1.1890000e+00
   1.8696300e+02   3.9935000e+01   6.6085000e+01
   2.6854700e+02   8.8914000e+01   3.0000000e-02
   1.9129400e+02   5.4166000e+01   7.0188000e+01
   2.6570700e+02   8.2749000e+01   2.4437000e+01
   2.5412400e+02   7.5670000e+01   1.5195000e+01
   1.9318700e+02   8.0071000e+01   5.6360000e+00
   2.6717400e+02   8.0234000e+01   8.9758000e+01
   1.8819300e+02   7.0275000e+01   8.5310000e+00
   2.6984300e+02   8.7542000e+01   6.2020000e+00
   2.6457300e+02   8.5079000e+01   3.0350000e+00
   2.6327900e+02   2.2329000e+01   1.3632000e+01
   2.6965900e+02   8.6492000e+01   8.5163000e+01
   2.6049100e+02   8.0222000e+01   1.2500000e+00
   2.6284200e+02   8.5344000e+01   6.7050000e+00
   1.9511200e+02   5.5964000e+01   3.8210000e+00
   1.8914900e+02   6.5620000e+01   3.0304000e+01
   2.3195300e+02   2.1538000e+01   4.8608000e+01
   2.3520000e+02   7.0883000e+01   8.3441000e+01
   2.1871200e+02   5.5738000e+01   5.9333000e+01
   1.8271900e+02   8.5735000e+01   8.9149000e+01
   1.8793800e+02   6.9394000e+01   8.9366000e+01
   1.9633400e+02   8.4300000e+00   5.5700000e+01
   1.8741100e+02   8.0422000e+01   8.4243000e+01
   2.1697300e+02   3.2845000e+01   6.9455000e+01
   2.6228700e+02   8.9788000e+01   6.5851000e+01
   2.6744000e+02   7.8696000e+01   5.2740000e+00
   2.6455300e+02   8.0667000e+01   2.5429000e+01
   1.9774300e+02   2.6383000e+01   3.5589000e+01
   2.4345900e+02   8.2371000e+01   5.0970000e+01
   2.2070800e+02   1.6042000e+01   6.2995000e+01
   2.6818400e+02   8.8010000e+01   1.0940000e+01
   2.2419900e+02   5.5842000e+01   4.1670000e+01
   1.9349700e+02   9.6850000e+00   8.0620000e+01
   1.8583100e+02   7.0635000e+01   8.6789000e+01
   1.8312800e+02   2.6860000e+01   6.8757000e+01
   1.9002500e+02   2.6480000e+00   6.0638000e+01
   1.8671600e+02   6.9259000e+01   8.9157000e+01
   2.6537500e+02   8.0855000e+01   6.3368000e+01
   2.6689400e+02   8.9818000e+01   9.5340000e+00
   1.8576800e+02   6.2943000e+01   7.9675000e+01
   2.1917600e+02   7.5834000e+01   6.7211000e+01
   1.8693500e+02   8.0840000e+01   8.0285000e+01
   2.1947800e+02   7.6360000e+01   3.6602000e+01
   2.6016400e+02   1.8221000e+01   8.7303000e+01
   2.4111600e+02   7.6820000e+01   7.4789000e+01
   2.6313600e+02   8.0007000e+01   7.4764000e+01
   2.6694000e+02   8.8652000e+01   7.0545000e+01
   1.8703400e+02   6.2579000e+01   8.3674000e+01
   1.8658900e+02   5.4377000e+01   7.6335000e+01
   2.6230700e+02   7.9764000e+01   5.7834000e+01
   2.1682500e+02   5.7396000e+01   1.5694000e+01
   1.9841600e+02   2.8306000e+01   7.6717000e+01
   2.2571300e+02   7.0257000e+01   7.8340000e+01
   1.9092900e+02   7.1670000e+01   8.5993000e+01
   2.0423700e+02   7.6661000e+01   3.6083000e+01
   2.1856000e+02   3.3214000e+01   5.8119000e+01
   2.0245700e+02   7.9822000e+01   3.3446000e+01
   1.8986600e+02   8.7782000e+01   8.0610000e+00
   2.1644000e+02   1.7345000e+01   1.6150000e+01
   2.6670100e+02   7.3309000e+01   7.3237000e+01
   2.0711000e+02   8.6800000e+01   7.2840000e+00
   2.4533800e+02   7.7965000e+01   8.2477000e+01
   2.0109700e+02   6.9099000e+01   2.0004000e+01
   2.0308800e+02   7.9662000e+01   7.4635000e+01
   2.1907700e+02   7.2958000e+01   6.9768000e+01
   1.8436200e+02   6.0452000e+01   7.5706000e+01
   2.3204700e+02   7.4461000e+01   5.1008000e+01
   2.6820100e+02   8.6776000e+01   4.4350000e+01
   2.2472900e+02   6.6242000e+01   5.5760000e+01
   1.8633700e+02   7.9431000e+01   8.4205000e+01
   2.0043800e+02   3.9287000e+01   4.2529000e+01
   2.6770100e+02   7.4875000e+01   5.6801000e+01
   2.2524900e+02   5.5018000e+01   7.5245000e+01
   2.6420200e+02   7.9081000e+01   3.7599000e+01
   2.0351100e+02   4.7303000e+01   4.6048000e+01
   2.6116900e+02   6.4590000e+00   2.7357000e+01
   2.5670300e+02   8.9187000e+01   5.6000000e-01
   2.1880500e+02   3.7774000e+01   1.9420000e+00
   1.9818600e+02   7.0069000e+01   7.3767000e+01
   2.1374800e+02   6.4113000e+01   2.1951000e+01
   2.3845500e+02   7.1053000e+01   6.7090000e+01
   2.0778000e+02   4.9559000e+01   5.0248000e+01
   1.9125900e+02   3.8406000e+01   3.3890000e+00
   2.6312500e+02   8.8835000e+01   7.9906000e+01
   1.9744100e+02   1.5211000e+01   7.7107000e+01
   1.9614200e+02   7.4601000e+01   8.2700000e-01
   2.6308100e+02   8.0796000e+01   9.4760000e+00
   1.8416900e+02   5.2699000e+01   8.0821000e+01
   2.2714100e+02   1.4689000e+01   4.5685000e+01
   1.8646300e+02   7.1988000e+01   8.5257000e+01
   1.8898200e+02   3.2511000e+01   3.6478000e+01
   1.9222500e+02   1.5430000e+01   3.2910000e+00
   2.6779400e+02   8.7395000e+01   8.1452000e+01
   1.9089300e+02   2.5927000e+01   8.2147000e+01
   2.6778100e+02   8.2615000e+01   3.9687000e+01
   2.2610300e+02   6.3907000e+01   7.4415000e+01
   2.6685500e+02   8.5742000e+01   1.7360000e+00
   2.6809700e+02   8.4803000e+01   3.9060000e+00
   2.5238000e+02   6.3017000e+01   5.1039000e+01
   2.0305000e+02   3.7165000e+01   5.5516000e+01
   2.2626500e+02   8.3641000e+01   7.3471000e+01
   2.4719200e+02   5.9576000e+01   8.7388000e+01
   2.6782500e+02   8.2712000e+01   1.7702000e+01
   2.6855300e+02   8.2863000e+01   8.4619000e+01
   2.6364100e+02   1.0022000e+01   8.7454000e+01
   2.3875100e+02   5.5854000e+01   7.1550000e+00
   2.3899300e+02   6.1149000e+01   4.1194000e+01
   2.3495300e+02   7.2111000e+01   5.7614000e+01
   2.5171500e+02   8.4311000e+01   2.6656000e+01
   2.5817600e+02   7.8332000e+01   8.9319000e+01
   1.8017300e+02   3.6199000e+01   5.2790000e+00
   2.6089800e+02   8.4559000e+01   8.4147000e+01
   2.2749000e+02   8.7600000e+01   1.0168000e+01
   2.4402500e+02   3.5216000e+01   1.9716000e+01
   1.9580700e+02   6.5193000e+01   8.0983000e+01
   2.2972800e+02   5.1101000e+01   6.2033000e+01
   2.4019900e+02   5.1278000e+01   9.3610000e+00
   1.9305200e+02   7.3417000e+01   7.2751000e+01
   2.2973400e+02   7.3605000e+01   8.1999000e+01
   2.4374200e+02   4.4172000e+01   3.0020000e+00
   2.0526900e+02   8.0971000e+01   6.6099000e+01
   2.4917200e+02   5.1052000e+01   3.2411000e+01
   1.9728500e+02   4.6063000e+01   2.1166000e+01
   2.0144000e+02   1.2109000e+01   4.8108000e+01
   1.8733600e+02   1.3339000e+01   5.2258000e+01
   2.4450500e+02   4.6099000e+01   8.0016000e+01
   2.6794500e+02   8.0777000e+01   1.9477000e+01
   2.1653600e+02   5.7553000e+01   8.3359000e+01
   1.8341100e+02   1.9607000e+01   6.8112000e+01
   2.4307400e+02   1.9334000e+01   2.4530000e+00
   2.5002900e+02   5.9858000e+01   1.7224000e+01
   2.6741500e+02   8.5351000e+01   4.8229000e+01
   2.2273800e+02   7.6157000e+01   5.6395000e+01
   1.8298000e+02   3.6761000e+01   8.7586000e+01
   1.9501900e+02   9.2600000e+00   7.7533000e+01
   1.8287000e+02   2.3624000e+01   4.8594000e+01
   2.5382800e+02   8.6657000e+01   7.0641000e+01
   1.9106600e+02   2.6728000e+01   7.3924000e+01
   2.3188200e+02   2.7450000e+01   1.1338000e+01
   1.8151100e+02   7.6150000e+00   8.7141000e+01
   2.5527800e+02   8.2819000e+01   4.6970000e+00
   1.8911600e+02   1.6293000e+01   7.5006000e+01
   1.8761400e+02   6.3759000e+01   9.2860000e+00
   2.6116100e+02   8.7856000e+01   8.0087000e+01
   1.9716400e+02   6.7718000e+01   7.7588000e+01
   2.4387100e+02   3.0751000e+01   7.5564000e+01
   2.5440700e+02   3.5262000e+01   3.5130000e+00
   2.2824000e+02   9.4960000e+00   2.1836000e+01
   2.2377600e+02   1.3482000e+01   4.6460000e+01
   2.3235100e+02   5.5531000e+01   6.2923000e+01
   2.1590400e+02   2.5605000e+01   8.0057000e+01
   2.6889600e+02   3.3588000e+01   4.3153000e+01
   2.6465500e+02   8.8877000e+01   7.4789000e+01
   2.1937300e+02   5.8532000e+01   7.1259000e+01
   2.0613500e+02   5.6135000e+01   8.3512000e+01
   2.6846500e+02   8.8849000e+01   6.8722000e+01
   2.6569000e+02   8.9482000e+01   5.0300000e-01
   2.6521300e+02   8.3606000e+01   1.7740000e+00
   1.8914400e+02   5.5766000e+01   8.2172000e+01
   2.1280600e+02   3.9828000e+01   2.4750000e+00
   1.8097000e+02   8.2429000e+01   4.1310000e+00
   2.6884100e+02   8.1684000e+01   7.4034000e+01
   2.0826300e+02   8.9965000e+01   2.8291000e+01
   2.2476800e+02   8.1847000e+01   7.3336000e+01
   1.8528500e+02   2.0969000e+01   3.4720000e+00
   2.2917600e+02   5.0383000e+01   8.6740000e+00
   1.9040700e+02   7.8496000e+01   8.3727000e+01
   2.2934900e+02   7.2146000e+01   7.7423000e+01
   2.3169000e+02   6.9394000e+01   7.2833000e+01
   2.1400400e+02   3.2983000e+01   7.5434000e+01
   2.3683400e+02   6.8179000e+01   2.1116000e+01
   2.2315600e+02   1.5613000e+01   6.1170000e+00
   2.6132900e+02   7.7851000e+01   2.5385000e+01
   2.1847500e+02   5.3176000e+01   5.4999000e+01
   2.0015500e+02   3.5540000e+00   5.7826000e+01
   1.8605900e+02   2.4465000e+01   7.0403000e+01
   2.6528900e+02   8.9526000e+01   6.9754000e+01
   2.6716000e+02   8.3513000e+01   8.6547000e+01
   2.3845500e+02   6.1538000e+01   5.7674000e+01
   2.2872000e+02   7.2433000e+01   7.5811000e+01
   2.2017500e+02   7.3816000e+01   6.6330000e+00
   1.8549100e+02   8.4712000e+01   7.8148000e+01
   2.6163900e+02   2.3077000e+01   7.4896000e+01
   2.1323700e+02   2.9414000e+01   6.6500000e+01
   1.9977600e+02   5.5876000e+01   6.6796000e+01
   1.8323300e+02   2.7608000e+01   5.1552000e+01
   1.9353300e+02   8.1361000e+01   3.6170000e+00
   1.9470800e+02   6.2490000e+01   7.5053000e+01
   1.8061800e+02   6.0849000e+01   6.8400000e-01
   2.5955200e+02   8.3175000e+01   1.2813000e+01
   2.6667700e+02   3.0379000e+01   7.0309000e+01
   1.9496900e+02   5.9702000e+01   8.3787000e+01
   2.2470700e+02   6.2127000e+01   6.0435000e+01
   1.8892900e+02   3.7520000e+01   6.5615000e+01
   1.9378600e+02   6.1730000e+00   5.4140000e+01
   2.6655800e+02   8.7478000e+01   3.3402000e+01
   2.6055700e+02   8.8018000e+01   6.5802000e+01
   2.5642600e+02   7.9170000e+01   5.5760000e+00
   2.3631800e+02   2.9254000e+01   6.7752000e+01
   1.8366100e+02   7.6477000e+01   8.3515000e+01
   2.5785400e+02   8.9633000e+01   1.7073000e+01
   2.0642300e+02   2.0738000e+01   8.2307000e+01
   1.9503000e+02   2.3378000e+01   5.7238000e+01
   2.1423700e+02   5.8292000e+01   1.5178000e+01
   1.9228600e+02   3.4500000e+01   8.8995000e+01
   2.1865100e+02   4.9305000e+01   1.0201000e+01
   2.5843400e+02   8.9552000e+01   3.9600000e-01
   2.4660900e+02   6.4799000e+01   5.8276000e+01
   2.0727700e+02   8.1242000e+01   1.5217000e+01
   2.1825000e+02   1.9623000e+01   6.8744000e+01
   2.0366500e+02   5.7256000e+01   7.4130000e+01
   2.3915500e+02   6.3450000e+01   7.9483000e+01
   1.9335400e+02   1.3001000e+01   8.3323000e+01
   2.3233800e+02   8.0612000e+01   7.4910000e+01
   2.5361300e+02   8.3221000e+01   7.8634000e+01
   2.4416200e+02   4.6643000e+01   2.8458000e+01
   2.0254500e+02   5.0569000e+01   1.9081000e+01
   1.8279900e+02   6.3017000e+01   8.2224000e+01
   1.8576800e+02   4.8210000e+01   7.3188000e+01
   2.6662700e+02   5.1484000e+01   1.5785000e+01
   1.9385100e+02   1.6942000e+01   8.6311000e+01
   1.8254100e+02   7.7701000e+01   8.3220000e+00
   1.9201100e+02   4.0592000e+01   3.9140000e+00
   2.5946100e+02   7.7486000e+01   5.4659000e+01
   1.9255800e+02   3.0081000e+01   3.0353000e+01
   1.9477200e+02   2.0157000e+01   6.5719000e+01
   1.8622100e+02   7.8776000e+01   3.0680000e+00
   1.8210900e+02   5.3653000e+01   9.1960000e+00
   2.6284500e+02   8.2286000e+01   8.5421000e+01
   2.1358900e+02   8.5617000e+01   7.9703000e+01
   1.8523000e+02   6.7754000e+01   8.9865000e+01
   1.8778400e+02   5.0844000e+01   6.2866000e+01
   2.3059100e+02   8.1781000e+01   1.6453000e+01
   2.5483300e+02   6.9089000e+01   8.2293000e+01
   1.9038800e+02   3.1351000e+01   4.0019000e+01
   1.8909400e+02   1.5806000e+01   7.3391000e+01
   1.9935000e+02   7.2916000e+01   1.9828000e+01
   2.3270900e+02   6.5206000e+01   5.9951000e+01
   1.8394700e+02   6.7342000e+01   8.1447000e+01
   2.5503600e+02   2.4979000e+01   7.1390000e+00
   1.9619200e+02   3.0400000e+01   6.7350000e+00
   1.9336800e+02   1.2575000e+01   8.0733000e+01
   2.3239500e+02   6.5884000e+01   3.6069000e+01
   2.1532500e+02   7.8730000e+01   3.4968000e+01
   2.5880700e+02   8.9549000e+01   1.1407000e+01
   1.9231300e+02   1.0102000e+01   6.1770000e+00
   1.8145000e+02   8.5493000e+01   8.9000000e+01
   2.1368200e+02   6.6215000e+01   8.2177000e+01
   2.2750400e+02   7.6317000e+01   6.2591000e+01
   1.8498000e+02   7.1493000e+01   8.2749000e+01
   2.2089200e+02   7.0713000e+01   6.4780000e+01
   1.8288900e+02   6.4975000e+01   7.5316000e+01
   2.3950100e+02   5.2721000e+01   3.1620000e+01
   2.2375700e+02   3.9163000e+01   6.2187000e+01
   1.8251600e+02   3.2266000e+01   7.9906000e+01
   2.6984600e+02   8.3203000e+01   7.2658000e+01
   2.2638000e+02   5.9107000e+01   1.8990000e+01
   1.8312800e+02   8.6001000e+01   8.8333000e+01
   1.8721300e+02   6.1057000e+01   7.8739000e+01
   2.2632000e+02   5.3224000e+01   4.5575000e+01
   1.9116200e+02   6.8113000e+01   8.4770000e+01
   1.8731400e+02   3.9568000e+01   4.2768000e+01
   1.8181600e+02   2.8332000e+01   8.3312000e+01
   2.0221500e+02   7.4010000e+00   7.1743000e+01
   1.8642400e+02   1.3445000e+01   9.2000000e-01
   2.1567400e+02   5.5854000e+01   1.3395000e+01
   2.4001500e+02   8.4448000e+01   7.8420000e+01
   1.9510400e+02   5.4056000e+01   7.8478000e+01
   1.8933000e+02   9.5490000e+00   6.8538000e+01
   1.9131100e+02   5.5987000e+01   2.1520000e+01
   2.1493500e+02   3.0952000e+01   4.2164000e+01
   2.1732400e+02   7.0798000e+01   7.1463000e+01
   1.9593300e+02   1.8734000e+01   2.9002000e+01
   2.1887100e+02   7.3240000e+01   3.9536000e+01
   1.8056900e+02   6.0023000e+01   7.5340000e+00
   2.2700400e+02   8.3397000e+01   5.4516000e+01
   2.4790300e+02   4.9868000e+01   4.9981000e+01
   2.2802000e+02   8.0216000e+01   7.4418000e+01
   1.8073900e+02   8.1760000e+01   2.1935000e+01
   1.8055200e+02   4.9513000e+01   3.2713000e+01
   3.0927700e+02   1.0114600e+02   2.5278700e+02
   2.7730900e+02   1.0601500e+02   2.0456100e+02
   2.9082800e+02   1.3912900e+02   1.9977600e+02
   2.7042800e+02   9.3396000e+01   2.3572700e+02
   3.3651300e+02   1.0683000e+02   2.6576700e+02
   3.5016700e+02   9.2328000e+01   1.9996000e+02
   3.1077400e+02   1.3842300e+02   2.0540100e+02
   2.7600400e+02   1.4483500e+02   1.8898400e+02
   3.1937700e+02   1.0746500e+02   2.0991400e+02
   2.8222300e+02   1.3228200e+02   2.1393800e+02
   2.7418000e+02   1.7922500e+02   1.9713400e+02
   2.7031600e+02   9.3063000e+01   2.6349000e+02
   3.4580200e+02   1.5444700e+02   1.8431200e+02
   3.0246000e+02   9.4137000e+01   2.5247100e+02
   3.3994900e+02   1.4618800e+02   2.0267600e+02
   2.7164300e+02   1.1593600e+02   2.0189100e+02
   3.5126800e+02   1.2685600e+02   2.4771100e+02
   3.0073800e+02   1.0876400e+02   2.5147600e+02
   3.4411600e+02   1.6127100e+02   2.4863400e+02
   3.5268800e+02   1.4869300e+02   2.5749200e+02
   3.4316600e+02   1.2827500e+02   1.8917400e+02
   3.3830700e+02   1.2755700e+02   2.4217900e+02
   3.5271900e+02   9.7735000e+01   2.6975300e+02
   3.4296000e+02   1.6636800e+02   2.6493000e+02
   3.3547200e+02   1.2069600e+02   2.5594300e+02
   3.4394600e+02   1.1394000e+02   2.0802100e+02
   2.7504800e+02   9.1212000e+01   1.8096400e+02
   2.7004900e+02   9.3023000e+01   2.6586400e+02
   2.7117300e+02   9.1340000e+01   2.0096500e+02
   2.7424600e+02   9.0414000e+01   2.4208600e+02
   3.5680300e+02   9.1044000e+01   2.3417800e+02
   3.2498800e+02   1.0406800e+02   1.8308700e+02
   3.1680300e+02   9.8185000e+01   2.0829100e+02
   3.1363100e+02   9.5309000e+01   2.4390400e+02
   3.4542600e+02   1.6179000e+02   2.5569000e+02
   3.0130400e+02   1.2988800e+02   2.0701600e+02
   2.7156600e+02   1.5447600e+02   1.8668300e+02
   3.5739900e+02   1.1702600e+02   2.6539900e+02
   3.5023600e+02   1.5156500e+02   2.1139700e+02
   3.2038500e+02   1.0392100e+02   2.4128600e+02
   3.3525500e+02   1.3621500e+02   2.4439000e+02
   2.7200500e+02   9.2340000e+01   1.9075600e+02
   2.7357300e+02   1.1658100e+02   2.5496200e+02
   3.4915100e+02   1.4645000e+02   2.5949100e+02
   3.5873100e+02   1.2780000e+02   2.5385800e+02
   3.1114800e+02   1.0480500e+02   2.5220700e+02
   3.5890700e+02   9.1549000e+01   2.6346600e+02
   3.0846400e+02   1.3874600e+02   2.3149200e+02
   2.7072800e+02   9.0654000e+01   1.8496000e+02
   3.4464300e+02   1.0120400e+02   1.8276300e+02
   3.5806900e+02   1.0127800e+02   2.6810500e+02
   3.2556500e+02   1.0620100e+02   2.4990800e+02
   2.7601200e+02   9.3550000e+01   2.3529900e+02
   2.9627700e+02   9.8645000e+01   1.9698500e+02
   2.7984100e+02   1.6145200e+02   1.9838100e+02
   3.5001600e+02   1.2489900e+02   1.8230400e+02
   3.2075000e+02   1.0813100e+02   2.4476100e+02
   3.3461800e+02   1.1088500e+02   2.6618500e+02
   3.5474000e+02   1.1854800e+02   1.9168700e+02
   3.5390500e+02   1.6511200e+02   1.8070600e+02
   3.4886000e+02   1.5819200e+02   2.5918600e+02
   3.5736900e+02   1.1573600e+02   1.8479300e+02
   3.5267700e+02   1.2203300e+02   1.8731200e+02
   2.8985600e+02   1.5714700e+02   2.0738700e+02
   3.4129000e+02   1.7346400e+02   2.3855100e+02
   3.2980300e+02   1.1916500e+02   1.9139600e+02
   2.7292200e+02   1.4353500e+02   2.0621700e+02
   3.5235300e+02   1.6804200e+02   2.5789300e+02
   3.4014400e+02   9.7834000e+01   2.0137700e+02
   3.5905800e+02   1.1741100e+02   1.8797600e+02
   2.7034600e+02   9.4939000e+01   1.8797100e+02
   3.5937100e+02   1.0429600e+02   2.1008400e+02
   2.7941600e+02   1.0733800e+02   2.4056900e+02
   2.7404000e+02   9.1247000e+01   2.5788700e+02
   3.2783400e+02   1.1116200e+02   2.5084500e+02
   3.4756000e+02   1.6865700e+02   2.6458400e+02
   3.5556700e+02   1.1733000e+02   2.6903900e+02
   3.5072700e+02   1.7172700e+02   2.5931000e+02
   3.4646400e+02   1.6399600e+02   2.6280600e+02
   2.9793900e+02   1.6825500e+02   2.0140800e+02
   2.7631500e+02   9.3738000e+01   1.9775700e+02
   2.8674100e+02   1.4615600e+02   2.0314100e+02
   2.7865500e+02   1.0089400e+02   2.1050700e+02
   3.4739800e+02   1.7261200e+02   2.5544300e+02
   2.8745000e+02   1.1155200e+02   2.3095300e+02
   3.0425400e+02   1.0761000e+02   2.4459100e+02
   3.1681400e+02   1.5648600e+02   2.2500700e+02
   3.1661600e+02   1.2046700e+02   2.4629100e+02
   3.5603100e+02   1.1687300e+02   2.5842800e+02
   2.7956900e+02   9.3610000e+01   1.8889400e+02
   2.7975600e+02   1.5244800e+02   2.4555200e+02
   3.5651200e+02   1.3499100e+02   1.9977900e+02
   2.9146000e+02   1.6675200e+02   2.2018100e+02
   2.7002200e+02   9.4632000e+01   2.0198400e+02
   3.5968400e+02   9.9551000e+01   2.6648200e+02
   2.7984400e+02   9.0757000e+01   2.0116900e+02
   3.5144100e+02   1.0921900e+02   1.9134600e+02
   3.3924900e+02   9.8625000e+01   1.9436500e+02
   2.8159600e+02   9.4542000e+01   1.8079400e+02
   3.4946900e+02   1.0409700e+02   2.6885700e+02
   2.7556500e+02   9.9443000e+01   2.0336900e+02
   3.0333100e+02   9.7786000e+01   2.1345700e+02
   3.5967600e+02   1.1319200e+02   2.5656100e+02
   3.5418800e+02   1.4972100e+02   2.6093100e+02
   2.7090100e+02   9.0831000e+01   1.8344700e+02
   3.1657800e+02   1.1788900e+02   1.9930900e+02
   2.7745700e+02   1.2762100e+02   2.1720400e+02
   3.4827200e+02   1.6208400e+02   2.5742300e+02
   3.5953300e+02   1.7656100e+02   1.8187300e+02
   3.4544300e+02   1.4847500e+02   2.3784500e+02
   3.5108200e+02   1.2441000e+02   2.5896900e+02
   3.1032900e+02   1.0969000e+02   2.4922400e+02
   3.4849700e+02   1.6954500e+02   2.6598200e+02
   3.1060900e+02   1.0242300e+02   2.5458000e+02
   2.7364500e+02   9.0096000e+01   2.6323500e+02
   3.4971400e+02   1.6441300e+02   2.2137300e+02
   2.7795200e+02   9.6104000e+01   2.5866200e+02
   2.8940000e+02   1.7363500e+02   2.0572500e+02
   2.7617200e+02   9.0138000e+01   2.6448200e+02
   3.5906100e+02   1.0131700e+02   2.6717900e+02
   3.2994900e+02   9.5590000e+01   2.5770300e+02
   3.3632600e+02   1.5330700e+02   2.5335500e+02
   3.4004500e+02   1.1073900e+02   2.6004900e+02
   3.4735400e+02   9.5833000e+01   2.6740700e+02
   3.5826400e+02   9.7509000e+01   1.8535600e+02
   2.7614700e+02   9.6929000e+01   2.2783000e+02
   3.4982900e+02   1.1364200e+02   2.5669500e+02
   3.5003500e+02   1.1029800e+02   1.8052500e+02
   2.9377000e+02   1.4079000e+02   2.6522400e+02
   3.5735200e+02   1.7447900e+02   1.9609500e+02
   3.5997500e+02   1.4315500e+02   2.6004900e+02
   2.7462800e+02   9.7994000e+01   2.0737100e+02
   3.5408600e+02   1.0116700e+02   2.6809900e+02
   3.4883200e+02   9.9686000e+01   1.8195800e+02
   3.3436000e+02   1.5862900e+02   2.0574700e+02
   3.0457000e+02   1.2799300e+02   2.1937600e+02
   3.3621700e+02   1.0584200e+02   1.9152500e+02
   2.8151100e+02   1.1278300e+02   2.3657000e+02
   3.4972500e+02   1.5006300e+02   2.3638100e+02
   3.4731900e+02   1.6980900e+02   1.8899300e+02
   2.8015200e+02   9.4348000e+01   2.4836200e+02
   2.7444100e+02   1.0594800e+02   2.3771300e+02
   2.7699300e+02   9.2748000e+01   2.6855800e+02
   3.1156500e+02   1.6206600e+02   2.3158500e+02
   3.4575900e+02   1.5843800e+02   2.6066100e+02
   2.7595200e+02   1.0583300e+02   2.5130600e+02
   3.5571500e+02   9.1382000e+01   2.6006000e+02
   2.7151900e+02   1.7594600e+02   1.8625400e+02
   2.9707100e+02   1.3857400e+02   1.8855300e+02
   3.4383300e+02   9.4690000e+01   1.8192000e+02
   3.0864000e+02   1.0462400e+02   2.5060900e+02
   2.7388400e+02   9.7045000e+01   2.1797800e+02
   2.9166000e+02   1.6561700e+02   2.0500600e+02
   2.7995400e+02   9.3231000e+01   2.5688700e+02
   3.2006900e+02   1.2033900e+02   2.4746600e+02
   3.0101300e+02   1.0810400e+02   1.9461500e+02
   3.5841200e+02   1.1986400e+02   2.6929400e+02
   3.1518500e+02   1.2704000e+02   2.3237600e+02
   3.1092800e+02   1.2425500e+02   2.6109000e+02
   2.8211800e+02   1.0535600e+02   2.5663200e+02
   3.5458600e+02   1.7580000e+02   2.6823700e+02
   3.2724100e+02   1.5437400e+02   2.4904600e+02
   3.1773200e+02   1.2252100e+02   1.9251900e+02
   2.7211500e+02   1.7709900e+02   2.6617400e+02
   2.8390900e+02   1.1069600e+02   2.1859300e+02
   3.5251000e+02   9.3188000e+01   2.6869500e+02
   3.5836300e+02   1.1898800e+02   2.2294100e+02
   3.4953000e+02   9.7467000e+01   2.6571500e+02
   2.7102200e+02   9.8998000e+01   2.6435800e+02
   3.3013000e+02   9.4155000e+01   2.5857900e+02
   3.3624100e+02   1.6324600e+02   2.3746300e+02
   2.7894000e+02   9.4830000e+01   2.5858200e+02
   3.5473500e+02   1.3574000e+02   2.1026800e+02
   3.2099200e+02   1.6903700e+02   2.3448000e+02
   3.5007400e+02   1.4309300e+02   2.1046900e+02
   3.4978500e+02   1.0811500e+02   2.6134800e+02
   3.5782200e+02   1.1557400e+02   2.5809300e+02
   3.3165400e+02   9.5013000e+01   2.1326200e+02
   3.3978500e+02   1.5326500e+02   2.4353600e+02
   3.5352300e+02   1.4606500e+02   2.5849700e+02
   3.3069300e+02   9.3072000e+01   2.0123200e+02
   3.2492500e+02   1.1459400e+02   1.9259100e+02
   3.0936200e+02   1.2112600e+02   2.5599200e+02
   3.2377100e+02   1.4017400e+02   2.6891200e+02
   3.0818100e+02   1.0343700e+02   2.4644500e+02
   3.2468600e+02   1.1618500e+02   2.5371500e+02
   2.7198900e+02   1.1603500e+02   2.1841200e+02
   3.5433900e+02   1.6322100e+02   2.6647900e+02
   3.5485300e+02   1.6947800e+02   2.5508000e+02
   3.4214700e+02   1.6486200e+02   2.6322700e+02
   3.2444400e+02   1.1708700e+02   2.4340100e+02
   2.7230200e+02   1.0470900e+02   2.5116100e+02
   3.1491600e+02   1.0427900e+02   2.4378900e+02
   3.3415700e+02   1.4487200e+02   2.4104700e+02
   3.3605700e+02   9.3258000e+01   2.5373400e+02
   3.3130800e+02   1.0175600e+02   1.9510700e+02
   2.7514700e+02   9.5750000e+01   1.8610900e+02
   3.5909900e+02   1.2859900e+02   2.5440200e+02
   3.5950300e+02   1.0323000e+02   2.6868200e+02
   2.7971500e+02   9.6137000e+01   2.6386400e+02
   2.8401600e+02   9.4560000e+01   1.9642500e+02
   2.9572800e+02   1.0098900e+02   2.4921000e+02
   2.9401700e+02   1.2554500e+02   2.2038100e+02
   3.1506200e+02   1.4790400e+02   2.3109300e+02
   3.4570100e+02   1.1088100e+02   1.9264600e+02
   3.4687100e+02   1.6274300e+02   2.4541500e+02
   2.7593300e+02   9.1544000e+01   2.2761900e+02
   3.4724400e+02   1.5112800e+02   2.0367100e+02
   2.7181000e+02   9.2106000e+01   1.8470800e+02
   2.7264500e+02   9.2617000e+01   1.8479600e+02
   3.4251200e+02   9.8738000e+01   2.6786600e+02
   2.9959000e+02   9.3632000e+01   2.5704700e+02
   3.5858000e+02   1.2066100e+02   2.6729200e+02
   3.4786800e+02   1.0841300e+02   1.8550700e+02
   3.4985900e+02   1.3237400e+02   2.6846700e+02
   3.2878400e+02   1.5026300e+02   2.3525500e+02
   2.8525200e+02   9.3519000e+01   2.6373800e+02
   2.8515300e+02   9.5947000e+01   1.9153900e+02
   3.5806400e+02   1.3088400e+02   1.8949200e+02
   3.5888200e+02   1.2817900e+02   1.8118900e+02
   3.5303700e+02   1.4006500e+02   2.4608500e+02
   2.7145300e+02   9.1086000e+01   1.8003000e+02
   3.4870600e+02   1.2583400e+02   2.5018800e+02
   2.7429300e+02   9.7251000e+01   2.0443700e+02
   2.8587600e+02   1.0433000e+02   1.9519500e+02
   3.4681300e+02   9.9929000e+01   1.8563600e+02
   2.7282600e+02   9.9766000e+01   2.6975800e+02
   3.5180700e+02   1.0972500e+02   1.8853100e+02
   2.7015700e+02   9.2458000e+01   1.8620200e+02
   2.7542700e+02   9.4921000e+01   1.8303500e+02
   2.7672100e+02   1.5767100e+02   1.9363200e+02
   2.7034100e+02   9.3508000e+01   2.6516300e+02
   2.7950900e+02   9.9778000e+01   1.8125000e+02
   2.7715800e+02   9.4656000e+01   1.8670500e+02
   3.4488800e+02   1.2403600e+02   1.8382100e+02
   3.5085100e+02   1.1438000e+02   2.1030400e+02
   3.0804700e+02   1.5846200e+02   2.2860800e+02
   3.0480000e+02   1.0911700e+02   2.6344100e+02
   3.2128800e+02   1.2426200e+02   2.3933300e+02
   3.5728100e+02   9.4265000e+01   2.6914900e+02
   3.5206200e+02   1.1060600e+02   2.6936600e+02
   3.4366600e+02   1.7157000e+02   2.3570000e+02
   3.5258900e+02   9.9578000e+01   2.6424300e+02
   3.2302700e+02   1.4715500e+02   2.4945500e+02
   2.7771300e+02   9.0212000e+01   2.4585100e+02
   2.7256000e+02   1.0130400e+02   1.8527400e+02
   2.7544700e+02   9.9333000e+01   2.0542900e+02
   3.4225700e+02   1.5361700e+02   2.1558900e+02
   2.9654100e+02   9.7629000e+01   2.3097000e+02
   3.1929200e+02   1.6395800e+02   2.4299500e+02
   2.7181600e+02   9.1990000e+01   1.9094000e+02
   3.1580100e+02   1.2415800e+02   2.2167000e+02
   3.4650300e+02   1.7031500e+02   2.6062000e+02
   3.5416900e+02   1.0936500e+02   2.6678900e+02
   3.5687200e+02   1.5314000e+02   2.4875700e+02
   3.4997500e+02   1.7735200e+02   2.4063800e+02
   3.5328400e+02   1.1074100e+02   2.6915700e+02
   2.7462500e+02   9.9145000e+01   2.4336800e+02
   2.7310600e+02   9.0182000e+01   1.8953400e+02
   3.5423200e+02   1.1705700e+02   2.5967500e+02
   3.2082400e+02   1.0416600e+02   2.4721100e+02
   3.5306500e+02   9.9160000e+01   2.6028500e+02
   3.2052200e+02   1.0364000e+02   2.1660200e+02
   2.7983600e+02   1.6177900e+02   2.6730300e+02
   2.9888400e+02   1.0318000e+02   2.5478900e+02
   2.7686400e+02   9.9993000e+01   2.5476400e+02
   2.7306000e+02   9.1348000e+01   2.5054500e+02
   3.5296600e+02   1.1742100e+02   2.6367400e+02
   3.5341100e+02   1.2562300e+02   2.5633500e+02
   2.7769300e+02   1.0023600e+02   2.3783400e+02
   3.2317500e+02   1.2260400e+02   1.9569400e+02
   3.4158400e+02   1.5169400e+02   2.5671700e+02
   3.1428700e+02   1.0974300e+02   2.5834000e+02
   3.4907100e+02   1.0833000e+02   2.6599300e+02
   3.3576300e+02   1.0333900e+02   2.1608300e+02
   3.2144000e+02   1.4678600e+02   2.3811900e+02
   3.3754300e+02   1.0017800e+02   2.1344600e+02
   3.5013400e+02   9.2218000e+01   1.8806100e+02
   3.2356000e+02   1.6265500e+02   1.9615000e+02
   2.7329900e+02   1.0669100e+02   2.5323700e+02
   3.3289000e+02   9.3200000e+01   1.8728400e+02
   2.9466200e+02   1.0203500e+02   2.6247700e+02
   3.3890300e+02   1.1090100e+02   2.0000400e+02
   3.3691200e+02   1.0033800e+02   2.5463500e+02
   3.2092300e+02   1.0704200e+02   2.4976800e+02
   3.5563800e+02   1.1954800e+02   2.5570600e+02
   3.0795300e+02   1.0553900e+02   2.3100800e+02
   2.7179900e+02   9.3224000e+01   2.2435000e+02
   3.1527100e+02   1.1375800e+02   2.3576000e+02
   3.5366300e+02   1.0056900e+02   2.6420500e+02
   3.3956200e+02   1.4071300e+02   2.2252900e+02
   2.7229900e+02   1.0512500e+02   2.3680100e+02
   3.1475100e+02   1.2498200e+02   2.5524500e+02
   2.7579800e+02   1.0091900e+02   2.1759900e+02
   3.3648900e+02   1.3269700e+02   2.2604800e+02
   2.7883100e+02   1.7354100e+02   2.0735700e+02
   2.8329700e+02   9.0813000e+01   1.8056000e+02
   3.2119500e+02   1.4222600e+02   1.8194200e+02
   3.4181400e+02   1.0993100e+02   2.5376700e+02
   3.2625200e+02   1.1588700e+02   2.0195100e+02
   3.0154500e+02   1.0894700e+02   2.4709000e+02
   3.3222000e+02   1.3044100e+02   2.3024800e+02
   3.4874100e+02   1.4159400e+02   1.8338900e+02
   2.7687500e+02   9.1165000e+01   2.5990600e+02
   3.4255900e+02   1.6478900e+02   2.5710700e+02
   3.4385800e+02   1.0539900e+02   1.8082700e+02
   2.7691900e+02   9.9204000e+01   1.8947600e+02
   3.5583100e+02   1.2730100e+02   2.6082100e+02
   3.1285900e+02   1.6531100e+02   2.2568500e+02
   3.5353700e+02   1.0801200e+02   2.6525700e+02
   3.5101800e+02   1.4748900e+02   2.1647800e+02
   3.4777500e+02   1.6457000e+02   1.8329100e+02
   2.7220600e+02   9.2605000e+01   2.6145200e+02
   3.4910700e+02   1.5407300e+02   2.6214700e+02
   2.7221900e+02   9.7385000e+01   2.1968700e+02
   3.1389700e+02   1.1609300e+02   2.5441500e+02
   2.7314500e+02   9.4258000e+01   1.8173600e+02
   2.7190300e+02   9.5197000e+01   1.8390600e+02
   2.8762000e+02   1.1698300e+02   2.3103900e+02
   3.3695000e+02   1.4283500e+02   2.3551600e+02
   3.1373500e+02   9.6359000e+01   2.5347100e+02
   2.9280800e+02   1.2042400e+02   2.6738800e+02
   2.7217500e+02   9.7288000e+01   1.9770200e+02
   2.7144700e+02   9.7137000e+01   2.6461900e+02
   2.7635900e+02   1.6997800e+02   2.6745400e+02
   3.0124900e+02   1.2414600e+02   1.8715500e+02
   3.0100700e+02   1.1885100e+02   2.2119400e+02
   3.0504700e+02   1.0788900e+02   2.3761400e+02
   2.8828500e+02   9.5689000e+01   2.0665600e+02
   2.8182400e+02   1.0166800e+02   2.6931900e+02
   3.5982700e+02   1.4380100e+02   1.8527900e+02
   2.7910200e+02   9.5441000e+01   2.6414700e+02
   3.1251000e+02   9.2400000e+01   1.9016800e+02
   2.9597500e+02   1.4478400e+02   1.9971600e+02
   3.4419300e+02   1.1480700e+02   2.6098300e+02
   3.1027200e+02   1.2889900e+02   2.4203300e+02
   2.9980100e+02   1.2872200e+02   1.8936100e+02
   3.4694800e+02   1.0658300e+02   2.5275100e+02
   3.1026600e+02   1.0639500e+02   2.6199900e+02
   2.9625800e+02   1.3582800e+02   1.8300200e+02
   3.3473100e+02   9.9029000e+01   2.4609900e+02
   2.9082800e+02   1.2894800e+02   2.1241100e+02
   3.4271500e+02   1.3393700e+02   2.0116600e+02
   3.3856000e+02   1.6789100e+02   2.2810800e+02
   3.5266400e+02   1.6666100e+02   2.3225800e+02
   2.9549500e+02   1.3390100e+02   2.6001600e+02
   2.7205500e+02   9.9223000e+01   1.9947700e+02
   3.2346400e+02   1.2244700e+02   2.6335900e+02
   3.5658900e+02   1.6039300e+02   2.4811200e+02
   2.9692600e+02   1.6066600e+02   1.8245300e+02
   2.8997100e+02   1.2014200e+02   1.9722400e+02
   2.7258500e+02   9.4649000e+01   2.2822900e+02
   3.1726200e+02   1.0384300e+02   2.3639500e+02
   3.5702000e+02   1.4323900e+02   2.6758600e+02
   3.4498100e+02   1.7074000e+02   2.5753300e+02
   3.5713000e+02   1.5637600e+02   2.2859400e+02
   2.8617200e+02   9.3343000e+01   2.5064100e+02
   3.4893400e+02   1.5327200e+02   2.5392400e+02
   3.0811800e+02   1.5255000e+02   1.9133800e+02
   3.5848900e+02   1.7238500e+02   2.6714100e+02
   2.8472200e+02   9.7181000e+01   1.8469700e+02
   3.5088400e+02   1.6370700e+02   2.5500600e+02
   3.5238600e+02   1.1624100e+02   1.8928600e+02
   2.7883900e+02   9.2144000e+01   2.6008700e+02
   3.4283600e+02   1.1228200e+02   2.5758800e+02
   2.9612900e+02   1.4924900e+02   2.5556400e+02
   2.8559300e+02   1.4473800e+02   1.8351300e+02
   3.1176000e+02   1.7050400e+02   2.0183600e+02
   3.1622400e+02   1.6651800e+02   2.2646000e+02
   3.0764900e+02   1.2446900e+02   2.4292300e+02
   3.2409600e+02   1.5439500e+02   2.6005700e+02
   2.7110400e+02   1.4641200e+02   2.2315300e+02
   2.7534500e+02   9.1123000e+01   2.5478900e+02
   3.2062700e+02   1.2146800e+02   2.5125900e+02
   3.3386500e+02   1.2386500e+02   2.6351200e+02
   2.7153500e+02   9.1151000e+01   2.4872200e+02
   2.7431000e+02   9.0518000e+01   1.8050300e+02
   2.7478700e+02   9.6394000e+01   1.8177400e+02
   3.5085600e+02   1.2423400e+02   2.6217200e+02
   3.2719400e+02   1.4017200e+02   1.8247500e+02
   3.5903000e+02   9.7571000e+01   1.8413100e+02
   2.7115900e+02   9.8316000e+01   2.5403400e+02
   3.3173700e+02   9.0035000e+01   2.0829100e+02
   3.1523200e+02   9.8153000e+01   2.5333600e+02
   3.5471500e+02   1.5903100e+02   1.8347200e+02
   3.1082400e+02   1.2961700e+02   1.8867400e+02
   3.4959300e+02   1.0150400e+02   2.6372700e+02
   3.1065100e+02   1.0785400e+02   2.5742300e+02
   3.0831000e+02   1.1060600e+02   2.5283300e+02
   3.2599600e+02   1.4701700e+02   2.5543400e+02
   3.0316600e+02   1.1182100e+02   2.0111600e+02
   3.1684400e+02   1.6438700e+02   1.8611700e+02
   2.7867100e+02   1.0214900e+02   2.0538500e+02
   3.2152500e+02   1.2682400e+02   2.3499900e+02
   3.3984500e+02   1.7644600e+02   2.3782600e+02
   3.5394100e+02   1.5553500e+02   2.5040300e+02
   2.7471100e+02   9.0474000e+01   2.4975400e+02
   2.7284000e+02   9.6487000e+01   2.6654700e+02
   3.0154500e+02   1.1846200e+02   2.3767400e+02
   3.1128000e+02   1.0756700e+02   2.5581100e+02
   3.1982500e+02   1.0618400e+02   1.8663300e+02
   3.5450900e+02   9.5288000e+01   2.5814800e+02
   2.7836100e+02   1.5692300e+02   2.5489600e+02
   3.2676300e+02   1.5058600e+02   2.4650000e+02
   3.4022400e+02   1.2412400e+02   2.4679600e+02
   3.5676700e+02   1.5239200e+02   2.3155200e+02
   3.4646700e+02   9.8639000e+01   1.8361700e+02
   3.4529200e+02   1.1751000e+02   2.5505300e+02
   3.5938200e+02   1.1915100e+02   1.8068400e+02
   2.8044800e+02   9.6825000e+01   1.9281300e+02
   2.7332300e+02   1.4962100e+02   2.5030900e+02
   3.4503100e+02   1.2029800e+02   2.6378700e+02
   3.1529300e+02   1.1787300e+02   2.4043500e+02
   3.5107100e+02   1.4248000e+02   2.4561500e+02
   3.4621400e+02   1.7382700e+02   2.3414000e+02
   2.7344200e+02   9.2522000e+01   2.1340200e+02
   2.7944300e+02   9.1982000e+01   2.4580200e+02
   2.8357400e+02   1.0083000e+02   1.8557600e+02
   3.0368200e+02   1.5074600e+02   2.4775200e+02
   3.5633900e+02   1.0352300e+02   2.6351500e+02
   2.8214600e+02   9.0367000e+01   1.9707300e+02
   3.3357700e+02   1.5926200e+02   2.6230700e+02
   3.4497000e+02   1.5662200e+02   2.3723800e+02
   3.2576300e+02   1.2170800e+02   1.9517800e+02
   3.4771400e+02   1.4550000e+02   2.6899500e+02
   3.2134900e+02   1.3069500e+02   1.9020100e+02
   2.8156600e+02   9.0448000e+01   1.8039600e+02
   2.9339100e+02   1.1520100e+02   2.3827600e+02
   3.3272300e+02   9.8758000e+01   1.9521700e+02
   3.2175000e+02   1.6037700e+02   2.4874400e+02
   3.3633500e+02   1.2274400e+02   2.5413000e+02
   3.0084500e+02   1.1655000e+02   2.5948300e+02
   3.4664600e+02   1.6699900e+02   2.6332300e+02
   3.0766200e+02   9.9388000e+01   2.5491000e+02
   2.8638700e+02   9.6779000e+01   2.5863400e+02
   2.9583800e+02   1.3335700e+02   2.0845800e+02
   3.3745500e+02   1.2943100e+02   1.9908100e+02
   3.5720100e+02   1.1698300e+02   2.6222400e+02
   3.5423200e+02   1.3179000e+02   2.5318800e+02
   2.7337300e+02   1.2851600e+02   1.9578500e+02
   3.4614900e+02   1.6305800e+02   2.6631100e+02
   3.5745900e+02   1.0229900e+02   1.8832200e+02
   3.4798900e+02   1.3940800e+02   1.8391400e+02
   2.8053900e+02   1.0251400e+02   2.3465900e+02
   3.4744200e+02   1.4991900e+02   2.1035300e+02
   3.4522800e+02   1.5984300e+02   2.4571900e+02
   3.5377900e+02   1.0122400e+02   1.8306800e+02
   3.5789100e+02   1.2634700e+02   1.8919600e+02
   2.7715500e+02   9.7714000e+01   2.6542100e+02
   3.2641100e+02   9.4383000e+01   2.5970300e+02
   3.5477000e+02   1.1224600e+02   2.6986500e+02
   3.5221600e+02   1.2915600e+02   2.4286600e+02
   3.0940900e+02   9.8219000e+01   1.9645300e+02
   2.8516700e+02   1.1091100e+02   2.6229300e+02
   3.4961200e+02   1.4864900e+02   2.2001900e+02
   3.5090600e+02   1.6419400e+02   2.5339100e+02
   3.4065000e+02   1.0708400e+02   1.9982800e+02
   3.0729100e+02   1.1479400e+02   2.3995100e+02
   3.5605300e+02   1.1265800e+02   2.6144700e+02
   2.8496400e+02   1.5502100e+02   1.8713900e+02
   3.4380800e+02   1.4960000e+02   1.8673500e+02
   3.4663200e+02   1.6742500e+02   2.6073300e+02
   3.0760500e+02   1.1411600e+02   2.1606900e+02
   3.2467500e+02   1.0127000e+02   2.1496800e+02
   2.8119300e+02   9.0451000e+01   1.9140700e+02
   3.4768700e+02   1.6989800e+02   1.8617700e+02
   3.5855000e+02   9.4507000e+01   2.6900000e+02
   3.2631800e+02   1.1378500e+02   2.6217700e+02
   3.1249600e+02   1.0368300e+02   2.4259100e+02
   3.5502000e+02   1.0850700e+02   2.6274900e+02
   3.1910800e+02   1.0928700e+02   2.4478000e+02
   3.5711100e+02   1.1502500e+02   2.5531600e+02
   3.0049900e+02   1.2727900e+02   2.1162000e+02
   3.1624300e+02   1.4083700e+02   2.4218700e+02
   3.5748400e+02   1.4773400e+02   2.5990600e+02
   2.7015400e+02   9.6797000e+01   2.5265800e+02
   3.1362000e+02   1.2089300e+02   1.9899000e+02
   3.5687200e+02   9.3999000e+01   2.6833300e+02
   3.5278700e+02   1.1894300e+02   2.5873900e+02
   3.1368000e+02   1.2677600e+02   2.2557500e+02
   3.4883800e+02   1.1188700e+02   2.6477000e+02
   3.5268600e+02   1.4043200e+02   2.2276800e+02
   3.5818400e+02   1.5166800e+02   2.6331200e+02
   3.3778500e+02   1.7259900e+02   2.5174300e+02
   3.5357600e+02   1.6655500e+02   1.8092000e+02
   3.2432600e+02   1.2414600e+02   1.9339500e+02
   2.9998500e+02   9.5552000e+01   2.5842000e+02
   3.4489600e+02   1.2594400e+02   2.5847800e+02
   3.5067000e+02   1.7045100e+02   2.4853800e+02
   3.4868900e+02   1.2401300e+02   2.0152000e+02
   3.2506500e+02   1.4904800e+02   2.2216400e+02
   3.2267600e+02   1.0920200e+02   2.5146300e+02
   3.4406700e+02   1.6126600e+02   2.0900200e+02
   3.2112900e+02   1.0676000e+02   2.1953600e+02
   3.5943100e+02   1.1997700e+02   1.8753400e+02
   3.1299600e+02   9.6603000e+01   2.3451600e+02
   2.9209700e+02   1.3013200e+02   2.2998100e+02
   3.1198000e+02   9.9784000e+01   2.5441800e+02
   3.5926100e+02   9.8240000e+01   2.0193500e+02
   3.5944800e+02   1.3048700e+02   2.1271300e+02
   1.2927700e+02   1.0114600e+02   2.5278700e+02
   9.7309000e+01   1.0601500e+02   2.0456100e+02
   1.1082800e+02   1.3912900e+02   1.9977600e+02
   9.0428000e+01   9.3396000e+01   2.3572700e+02
   1.5651300e+02   1.0683000e+02   2.6576700e+02
   1.7016700e+02   9.2328000e+01   1.9996000e+02
   1.3077400e+02   1.3842300e+02   2.0540100e+02
   9.6004000e+01   1.4483500e+02   1.8898400e+02
   1.3937700e+02   1.0746500e+02   2.0991400e+02
   1.0222300e+02   1.3228200e+02   2.1393800e+02
   9.4180000e+01   1.7922500e+02   1.9713400e+02
   9.0316000e+01   9.3063000e+01   2.6349000e+02
   1.6580200e+02   1.5444700e+02   1.8431200e+02
   1.2246000e+02   9.4137000e+01   2.5247100e+02
   1.5994900e+02   1.4618800e+02   2.0267600e+02
   9.1643000e+01   1.1593600e+02   2.0189100e+02
   1.7126800e+02   1.2685600e+02   2.4771100e+02
   1.2073800e+02   1.0876400e+02   2.5147600e+02
   1.6411600e+02   1.6127100e+02   2.4863400e+02
   1.7268800e+02   1.4869300e+02   2.5749200e+02
   1.6316600e+02   1.2827500e+02   1.8917400e+02
   1.5830700e+02   1.2755700e+02   2.4217900e+02
   1.7271900e+02   9.7735000e+01   2.6975300e+02
   1.6296000e+02   1.6636800e+02   2.6493000e+02
   1.5547200e+02   1.2069600e+02   2.5594300e+02
   1.6394600e+02   1.1394000e+02   2.0802100e+02
   9.5048000e+01   9.1212000e+01   1.8096400e+02
   9.0049000e+01   9.3023000e+01   2.6586400e+02
   9.1173000e+01   9.1340000e+01   2.0096500e+02
   9.4246000e+01   9.0414000e+01   2.4208600e+02
   1.7680300e+02   9.1044000e+01   2.3417800e+02
   1.4498800e+02   1.0406800e+02   1.8308700e+02
   1.3680300e+02   9.8185000e+01   2.0829100e+02
   1.3363100e+02   9.5309000e+01   2.4390400e+02
   1.6542600e+02   1.6179000e+02   2.5569000e+02
   1.2130400e+02   1.2988800e+02   2.0701600e+02
   9.1566000e+01   1.5447600e+02   1.8668300e+02
   1.7739900e+02   1.1702600e+02   2.6539900e+02
   1.7023600e+02   1.5156500e+02   2.1139700e+02
   1.4038500e+02   1.0392100e+02   2.4128600e+02
   1.5525500e+02   1.3621500e+02   2.4439000e+02
   9.2005000e+01   9.2340000e+01   1.9075600e+02
   9.3573000e+01   1.1658100e+02   2.5496200e+02
   1.6915100e+02   1.4645000e+02   2.5949100e+02
   1.7873100e+02   1.2780000e+02   2.5385800e+02
   1.3114800e+02   1.0480500e+02   2.5220700e+02
   1.7890700e+02   9.1549000e+01   2.6346600e+02
   1.2846400e+02   1.3874600e+02   2.3149200e+02
   9.0728000e+01   9.0654000e+01   1.8496000e+02
   1.6464300e+02   1.0120400e+02   1.8276300e+02
   1.7806900e+02   1.0127800e+02   2.6810500e+02
   1.4556500e+02   1.0620100e+02   2.4990800e+02
   9.6012000e+01   9.3550000e+01   2.3529900e+02
   1.1627700e+02   9.8645000e+01   1.9698500e+02
   9.9841000e+01   1.6145200e+02   1.9838100e+02
   1.7001600e+02   1.2489900e+02   1.8230400e+02
   1.4075000e+02   1.0813100e+02   2.4476100e+02
   1.5461800e+02   1.1088500e+02   2.6618500e+02
   1.7474000e+02   1.1854800e+02   1.9168700e+02
   1.7390500e+02   1.6511200e+02   1.8070600e+02
   1.6886000e+02   1.5819200e+02   2.5918600e+02
   1.7736900e+02   1.1573600e+02   1.8479300e+02
   1.7267700e+02   1.2203300e+02   1.8731200e+02
   1.0985600e+02   1.5714700e+02   2.0738700e+02
   1.6129000e+02   1.7346400e+02   2.3855100e+02
   1.4980300e+02   1.1916500e+02   1.9139600e+02
   9.2922000e+01   1.4353500e+02   2.0621700e+02
   1.7235300e+02   1.6804200e+02   2.5789300e+02
   1.6014400e+02   9.7834000e+01   2.0137700e+02
   1.7905800e+02   1.1741100e+02   1.8797600e+02
   9.0346000e+01   9.4939000e+01   1.8797100e+02
   1.7937100e+02   1.0429600e+02   2.1008400e+02
   9.9416000e+01   1.0733800e+02   2.4056900e+02
   9.4040000e+01   9.1247000e+01   2.5788700e+02
   1.4783400e+02   1.1116200e+02   2.5084500e+02
   1.6756000e+02   1.6865700e+02   2.6458400e+02
   1.7556700e+02   1.1733000e+02   2.6903900e+02
   1.7072700e+02   1.7172700e+02   2.5931000e+02
   1.6646400e+02   1.6399600e+02   2.6280600e+02
   1.1793900e+02   1.6825500e+02   2.0140800e+02
   9.6315000e+01   9.3738000e+01   1.9775700e+02
   1.0674100e+02   1.4615600e+02   2.0314100e+02
   9.8655000e+01   1.0089400e+02   2.1050700e+02
   1.6739800e+02   1.7261200e+02   2.5544300e+02
   1.0745000e+02   1.1155200e+02   2.3095300e+02
   1.2425400e+02   1.0761000e+02   2.4459100e+02
   1.3681400e+02   1.5648600e+02   2.2500700e+02
   1.3661600e+02   1.2046700e+02   2.4629100e+02
   1.7603100e+02   1.1687300e+02   2.5842800e+02
   9.9569000e+01   9.3610000e+01   1.8889400e+02
   9.9756000e+01   1.5244800e+02   2.4555200e+02
   1.7651200e+02   1.3499100e+02   1.9977900e+02
   1.1146000e+02   1.6675200e+02   2.2018100e+02
   9.0022000e+01   9.4632000e+01   2.0198400e+02
   1.7968400e+02   9.9551000e+01   2.6648200e+02
   9.9844000e+01   9.0757000e+01   2.0116900e+02
   1.7144100e+02   1.0921900e+02   1.9134600e+02
   1.5924900e+02   9.8625000e+01   1.9436500e+02
   1.0159600e+02   9.4542000e+01   1.8079400e+02
   1.6946900e+02   1.0409700e+02   2.6885700e+02
   9.5565000e+01   9.9443000e+01   2.0336900e+02
   1.2333100e+02   9.7786000e+01   2.1345700e+02
   1.7967600e+02   1.1319200e+02   2.5656100e+02
   1.7418800e+02   1.4972100e+02   2.6093100e+02
   9.0901000e+01   9.0831000e+01   1.8344700e+02
   1.3657800e+02   1.1788900e+02   1.9930900e+02
   9.7457000e+01   1.2762100e+02   2.1720400e+02
   1.6827200e+02   1.6208400e+02   2.5742300e+02
   1.7953300e+02   1.7656100e+02   1.8187300e+02
   1.6544300e+02   1.4847500e+02   2.3784500e+02
   1.7108200e+02   1.2441000e+02   2.5896900e+02
   1.3032900e+02   1.0969000e+02   2.4922400e+02
   1.6849700e+02   1.6954500e+02   2.6598200e+02
   1.3060900e+02   1.0242300e+02   2.5458000e+02
   9.3645000e+01   9.0096000e+01   2.6323500e+02
   1.6971400e+02   1.6441300e+02   2.2137300e+02
   9.7952000e+01   9.6104000e+01   2.5866200e+02
   1.0940000e+02   1.7363500e+02   2.0572500e+02
   9.6172000e+01   9.0138000e+01   2.6448200e+02
   1.7906100e+02   1.0131700e+02   2.6717900e+02
   1.4994900e+02   9.5590000e+01   2.5770300e+02
   1.5632600e+02   1.5330700e+02   2.5335500e+02
   1.6004500e+02   1.1073900e+02   2.6004900e+02
   1.6735400e+02   9.5833000e+01   2.6740700e+02
   1.7826400e+02   9.7509000e+01   1.8535600e+02
   9.6147000e+01   9.6929000e+01   2.2783000e+02
   1.6982900e+02   1.1364200e+02   2.5669500e+02
   1.7003500e+02   1.1029800e+02   1.8052500e+02
   1.1377000e+02   1.4079000e+02   2.6522400e+02
   1.7735200e+02   1.7447900e+02   1.9609500e+02
   1.7997500e+02   1.4315500e+02   2.6004900e+02
   9.4628000e+01   9.7994000e+01   2.0737100e+02
   1.7408600e+02   1.0116700e+02   2.6809900e+02
   1.6883200e+02   9.9686000e+01   1.8195800e+02
   1.5436000e+02   1.5862900e+02   2.0574700e+02
   1.2457000e+02   1.2799300e+02   2.1937600e+02
   1.5621700e+02   1.0584200e+02   1.9152500e+02
   1.0151100e+02   1.1278300e+02   2.3657000e+02
   1.6972500e+02   1.5006300e+02   2.3638100e+02
   1.6731900e+02   1.6980900e+02   1.8899300e+02
   1.0015200e+02   9.4348000e+01   2.4836200e+02
   9.4441000e+01   1.0594800e+02   2.3771300e+02
   9.6993000e+01   9.2748000e+01   2.6855800e+02
   1.3156500e+02   1.6206600e+02   2.3158500e+02
   1.6575900e+02   1.5843800e+02   2.6066100e+02
   9.5952000e+01   1.0583300e+02   2.5130600e+02
   1.7571500e+02   9.1382000e+01   2.6006000e+02
   9.1519000e+01   1.7594600e+02   1.8625400e+02
   1.1707100e+02   1.3857400e+02   1.8855300e+02
   1.6383300e+02   9.4690000e+01   1.8192000e+02
   1.2864000e+02   1.0462400e+02   2.5060900e+02
   9.3884000e+01   9.7045000e+01   2.1797800e+02
   1.1166000e+02   1.6561700e+02   2.0500600e+02
   9.9954000e+01   9.3231000e+01   2.5688700e+02
   1.4006900e+02   1.2033900e+02   2.4746600e+02
   1.2101300e+02   1.0810400e+02   1.9461500e+02
   1.7841200e+02   1.1986400e+02   2.6929400e+02
   1.3518500e+02   1.2704000e+02   2.3237600e+02
   1.3092800e+02   1.2425500e+02   2.6109000e+02
   1.0211800e+02   1.0535600e+02   2.5663200e+02
   1.7458600e+02   1.7580000e+02   2.6823700e+02
   1.4724100e+02   1.5437400e+02   2.4904600e+02
   1.3773200e+02   1.2252100e+02   1.9251900e+02
   9.2115000e+01   1.7709900e+02   2.6617400e+02
   1.0390900e+02   1.1069600e+02   2.1859300e+02
   1.7251000e+02   9.3188000e+01   2.6869500e+02
   1.7836300e+02   1.1898800e+02   2.2294100e+02
   1.6953000e+02   9.7467000e+01   2.6571500e+02
   9.1022000e+01   9.8998000e+01   2.6435800e+02
   1.5013000e+02   9.4155000e+01   2.5857900e+02
   1.5624100e+02   1.6324600e+02   2.3746300e+02
   9.8940000e+01   9.4830000e+01   2.5858200e+02
   1.7473500e+02   1.3574000e+02   2.1026800e+02
   1.4099200e+02   1.6903700e+02   2.3448000e+02
   1.7007400e+02   1.4309300e+02   2.1046900e+02
   1.6978500e+02   1.0811500e+02   2.6134800e+02
   1.7782200e+02   1.1557400e+02   2.5809300e+02
   1.5165400e+02   9.5013000e+01   2.1326200e+02
   1.5978500e+02   1.5326500e+02   2.4353600e+02
   1.7352300e+02   1.4606500e+02   2.5849700e+02
   1.5069300e+02   9.3072000e+01   2.0123200e+02
   1.4492500e+02   1.1459400e+02   1.9259100e+02
   1.2936200e+02   1.2112600e+02   2.5599200e+02
   1.4377100e+02   1.4017400e+02   2.6891200e+02
   1.2818100e+02   1.0343700e+02   2.4644500e+02
   1.4468600e+02   1.1618500e+02   2.5371500e+02
   9.1989000e+01   1.1603500e+02   2.1841200e+02
   1.7433900e+02   1.6322100e+02   2.6647900e+02
   1.7485300e+02   1.6947800e+02   2.5508000e+02
   1.6214700e+02   1.6486200e+02   2.6322700e+02
   1.4444400e+02   1.1708700e+02   2.4340100e+02
   9.2302000e+01   1.0470900e+02   2.5116100e+02
   1.3491600e+02   1.0427900e+02   2.4378900e+02
   1.5415700e+02   1.4487200e+02   2.4104700e+02
   1.5605700e+02   9.3258000e+01   2.5373400e+02
   1.5130800e+02   1.0175600e+02   1.9510700e+02
   9.5147000e+01   9.5750000e+01   1.8610900e+02
   1.7909900e+02   1.2859900e+02   2.5440200e+02
   1.7950300e+02   1.0323000e+02   2.6868200e+02
   9.9715000e+01   9.6137000e+01   2.6386400e+02
   1.0401600e+02   9.4560000e+01   1.9642500e+02
   1.1572800e+02   1.0098900e+02   2.4921000e+02
   1.1401700e+02   1.2554500e+02   2.2038100e+02
   1.3506200e+02   1.4790400e+02   2.3109300e+02
   1.6570100e+02   1.1088100e+02   1.9264600e+02
   1.6687100e+02   1.6274300e+02   2.4541500e+02
   9.5933000e+01   9.1544000e+01   2.2761900e+02
   1.6724400e+02   1.5112800e+02   2.0367100e+02
   9.1810000e+01   9.2106000e+01   1.8470800e+02
   9.2645000e+01   9.2617000e+01   1.8479600e+02
   1.6251200e+02   9.8738000e+01   2.6786600e+02
   1.1959000e+02   9.3632000e+01   2.5704700e+02
   1.7858000e+02   1.2066100e+02   2.6729200e+02
   1.6786800e+02   1.0841300e+02   1.8550700e+02
   1.6985900e+02   1.3237400e+02   2.6846700e+02
   1.4878400e+02   1.5026300e+02   2.3525500e+02
   1.0525200e+02   9.3519000e+01   2.6373800e+02
   1.0515300e+02   9.5947000e+01   1.9153900e+02
   1.7806400e+02   1.3088400e+02   1.8949200e+02
   1.7888200e+02   1.2817900e+02   1.8118900e+02
   1.7303700e+02   1.4006500e+02   2.4608500e+02
   9.1453000e+01   9.1086000e+01   1.8003000e+02
   1.6870600e+02   1.2583400e+02   2.5018800e+02
   9.4293000e+01   9.7251000e+01   2.0443700e+02
   1.0587600e+02   1.0433000e+02   1.9519500e+02
   1.6681300e+02   9.9929000e+01   1.8563600e+02
   9.2826000e+01   9.9766000e+01   2.6975800e+02
   1.7180700e+02   1.0972500e+02   1.8853100e+02
   9.0157000e+01   9.2458000e+01   1.8620200e+02
   9.5427000e+01   9.4921000e+01   1.8303500e+02
   9.6721000e+01   1.5767100e+02   1.9363200e+02
   9.0341000e+01   9.3508000e+01   2.6516300e+02
   9.9509000e+01   9.9778000e+01   1.8125000e+02
   9.7158000e+01   9.4656000e+01   1.8670500e+02
   1.6488800e+02   1.2403600e+02   1.8382100e+02
   1.7085100e+02   1.1438000e+02   2.1030400e+02
   1.2804700e+02   1.5846200e+02   2.2860800e+02
   1.2480000e+02   1.0911700e+02   2.6344100e+02
   1.4128800e+02   1.2426200e+02   2.3933300e+02
   1.7728100e+02   9.4265000e+01   2.6914900e+02
   1.7206200e+02   1.1060600e+02   2.6936600e+02
   1.6366600e+02   1.7157000e+02   2.3570000e+02
   1.7258900e+02   9.9578000e+01   2.6424300e+02
   1.4302700e+02   1.4715500e+02   2.4945500e+02
   9.7713000e+01   9.0212000e+01   2.4585100e+02
   9.2560000e+01   1.0130400e+02   1.8527400e+02
   9.5447000e+01   9.9333000e+01   2.0542900e+02
   1.6225700e+02   1.5361700e+02   2.1558900e+02
   1.1654100e+02   9.7629000e+01   2.3097000e+02
   1.3929200e+02   1.6395800e+02   2.4299500e+02
   9.1816000e+01   9.1990000e+01   1.9094000e+02
   1.3580100e+02   1.2415800e+02   2.2167000e+02
   1.6650300e+02   1.7031500e+02   2.6062000e+02
   1.7416900e+02   1.0936500e+02   2.6678900e+02
   1.7687200e+02   1.5314000e+02   2.4875700e+02
   1.6997500e+02   1.7735200e+02   2.4063800e+02
   1.7328400e+02   1.1074100e+02   2.6915700e+02
   9.4625000e+01   9.9145000e+01   2.4336800e+02
   9.3106000e+01   9.0182000e+01   1.8953400e+02
   1.7423200e+02   1.1705700e+02   2.5967500e+02
   1.4082400e+02   1.0416600e+02   2.4721100e+02
   1.7306500e+02   9.9160000e+01   2.6028500e+02
   1.4052200e+02   1.0364000e+02   2.1660200e+02
   9.9836000e+01   1.6177900e+02   2.6730300e+02
   1.1888400e+02   1.0318000e+02   2.5478900e+02
   9.6864000e+01   9.9993000e+01   2.5476400e+02
   9.3060000e+01   9.1348000e+01   2.5054500e+02
   1.7296600e+02   1.1742100e+02   2.6367400e+02
   1.7341100e+02   1.2562300e+02   2.5633500e+02
   9.7693000e+01   1.0023600e+02   2.3783400e+02
   1.4317500e+02   1.2260400e+02   1.9569400e+02
   1.6158400e+02   1.5169400e+02   2.5671700e+02
   1.3428700e+02   1.0974300e+02   2.5834000e+02
   1.6907100e+02   1.0833000e+02   2.6599300e+02
   1.5576300e+02   1.0333900e+02   2.1608300e+02
   1.4144000e+02   1.4678600e+02   2.3811900e+02
   1.5754300e+02   1.0017800e+02   2.1344600e+02
   1.7013400e+02   9.2218000e+01   1.8806100e+02
   1.4356000e+02   1.6265500e+02   1.9615000e+02
   9.3299000e+01   1.0669100e+02   2.5323700e+02
   1.5289000e+02   9.3200000e+01   1.8728400e+02
   1.1466200e+02   1.0203500e+02   2.6247700e+02
   1.5890300e+02   1.1090100e+02   2.0000400e+02
   1.5691200e+02   1.0033800e+02   2.5463500e+02
   1.4092300e+02   1.0704200e+02   2.4976800e+02
   1.7563800e+02   1.1954800e+02   2.5570600e+02
   1.2795300e+02   1.0553900e+02   2.3100800e+02
   9.1799000e+01   9.3224000e+01   2.2435000e+02
   1.3527100e+02   1.1375800e+02   2.3576000e+02
   1.7366300e+02   1.0056900e+02   2.6420500e+02
   1.5956200e+02   1.4071300e+02   2.2252900e+02
   9.2299000e+01   1.0512500e+02   2.3680100e+02
   1.3475100e+02   1.2498200e+02   2.5524500e+02
   9.5798000e+01   1.0091900e+02   2.1759900e+02
   1.5648900e+02   1.3269700e+02   2.2604800e+02
   9.8831000e+01   1.7354100e+02   2.0735700e+02
   1.0329700e+02   9.0813000e+01   1.8056000e+02
   1.4119500e+02   1.4222600e+02   1.8194200e+02
   1.6181400e+02   1.0993100e+02   2.5376700e+02
   1.4625200e+02   1.1588700e+02   2.0195100e+02
   1.2154500e+02   1.0894700e+02   2.4709000e+02
   1.5222000e+02   1.3044100e+02   2.3024800e+02
   1.6874100e+02   1.4159400e+02   1.8338900e+02
   9.6875000e+01   9.1165000e+01   2.5990600e+02
   1.6255900e+02   1.6478900e+02   2.5710700e+02
   1.6385800e+02   1.0539900e+02   1.8082700e+02
   9.6919000e+01   9.9204000e+01   1.8947600e+02
   1.7583100e+02   1.2730100e+02   2.6082100e+02
   1.3285900e+02   1.6531100e+02   2.2568500e+02
   1.7353700e+02   1.0801200e+02   2.6525700e+02
   1.7101800e+02   1.4748900e+02   2.1647800e+02
   1.6777500e+02   1.6457000e+02   1.8329100e+02
   9.2206000e+01   9.2605000e+01   2.6145200e+02
   1.6910700e+02   1.5407300e+02   2.6214700e+02
   9.2219000e+01   9.7385000e+01   2.1968700e+02
   1.3389700e+02   1.1609300e+02   2.5441500e+02
   9.3145000e+01   9.4258000e+01   1.8173600e+02
   9.1903000e+01   9.5197000e+01   1.8390600e+02
   1.0762000e+02   1.1698300e+02   2.3103900e+02
   1.5695000e+02   1.4283500e+02   2.3551600e+02
   1.3373500e+02   9.6359000e+01   2.5347100e+02
   1.1280800e+02   1.2042400e+02   2.6738800e+02
   9.2175000e+01   9.7288000e+01   1.9770200e+02
   9.1447000e+01   9.7137000e+01   2.6461900e+02
   9.6359000e+01   1.6997800e+02   2.6745400e+02
   1.2124900e+02   1.2414600e+02   1.8715500e+02
   1.2100700e+02   1.1885100e+02   2.2119400e+02
   1.2504700e+02   1.0788900e+02   2.3761400e+02
   1.0828500e+02   9.5689000e+01   2.0665600e+02
   1.0182400e+02   1.0166800e+02   2.6931900e+02
   1.7982700e+02   1.4380100e+02   1.8527900e+02
   9.9102000e+01   9.5441000e+01   2.6414700e+02
   1.3251000e+02   9.2400000e+01   1.9016800e+02
   1.1597500e+02   1.4478400e+02   1.9971600e+02
   1.6419300e+02   1.1480700e+02   2.6098300e+02
   1.3027200e+02   1.2889900e+02   2.4203300e+02
   1.1980100e+02   1.2872200e+02   1.8936100e+02
   1.6694800e+02   1.0658300e+02   2.5275100e+02
   1.3026600e+02   1.0639500e+02   2.6199900e+02
   1.1625800e+02   1.3582800e+02   1.8300200e+02
   1.5473100e+02   9.9029000e+01   2.4609900e+02
   1.1082800e+02   1.2894800e+02   2.1241100e+02
   1.6271500e+02   1.3393700e+02   2.0116600e+02
   1.5856000e+02   1.6789100e+02   2.2810800e+02
   1.7266400e+02   1.6666100e+02   2.3225800e+02
   1.1549500e+02   1.3390100e+02   2.6001600e+02
   9.2055000e+01   9.9223000e+01   1.9947700e+02
   1.4346400e+02   1.2244700e+02   2.6335900e+02
   1.7658900e+02   1.6039300e+02   2.4811200e+02
   1.1692600e+02   1.6066600e+02   1.8245300e+02
   1.0997100e+02   1.2014200e+02   1.9722400e+02
   9.2585000e+01   9.4649000e+01   2.2822900e+02
   1.3726200e+02   1.0384300e+02   2.3639500e+02
   1.7702000e+02   1.4323900e+02   2.6758600e+02
   1.6498100e+02   1.7074000e+02   2.5753300e+02
   1.7713000e+02   1.5637600e+02   2.2859400e+02
   1.0617200e+02   9.3343000e+01   2.5064100e+02
   1.6893400e+02   1.5327200e+02   2.5392400e+02
   1.2811800e+02   1.5255000e+02   1.9133800e+02
   1.7848900e+02   1.7238500e+02   2.6714100e+02
   1.0472200e+02   9.7181000e+01   1.8469700e+02
   1.7088400e+02   1.6370700e+02   2.5500600e+02
   1.7238600e+02   1.1624100e+02   1.8928600e+02
   9.8839000e+01   9.2144000e+01   2.6008700e+02
   1.6283600e+02   1.1228200e+02   2.5758800e+02
   1.1612900e+02   1.4924900e+02   2.5556400e+02
   1.0559300e+02   1.4473800e+02   1.8351300e+02
   1.3176000e+02   1.7050400e+02   2.0183600e+02
   1.3622400e+02   1.6651800e+02   2.2646000e+02
   1.2764900e+02   1.2446900e+02   2.4292300e+02
   1.4409600e+02   1.5439500e+02   2.6005700e+02
   9.1104000e+01   1.4641200e+02   2.2315300e+02
   9.5345000e+01   9.1123000e+01   2.5478900e+02
   1.4062700e+02   1.2146800e+02   2.5125900e+02
   1.5386500e+02   1.2386500e+02   2.6351200e+02
   9.1535000e+01   9.1151000e+01   2.4872200e+02
   9.4310000e+01   9.0518000e+01   1.8050300e+02
   9.4787000e+01   9.6394000e+01   1.8177400e+02
   1.7085600e+02   1.2423400e+02   2.6217200e+02
   1.4719400e+02   1.4017200e+02   1.8247500e+02
   1.7903000e+02   9.7571000e+01   1.8413100e+02
   9.1159000e+01   9.8316000e+01   2.5403400e+02
   1.5173700e+02   9.0035000e+01   2.0829100e+02
   1.3523200e+02   9.8153000e+01   2.5333600e+02
   1.7471500e+02   1.5903100e+02   1.8347200e+02
   1.3082400e+02   1.2961700e+02   1.8867400e+02
   1.6959300e+02   1.0150400e+02   2.6372700e+02
   1.3065100e+02   1.0785400e+02   2.5742300e+02
   1.2831000e+02   1.1060600e+02   2.5283300e+02
   1.4599600e+02   1.4701700e+02   2.5543400e+02
   1.2316600e+02   1.1182100e+02   2.0111600e+02
   1.3684400e+02   1.6438700e+02   1.8611700e+02
   9.8671000e+01   1.0214900e+02   2.0538500e+02
   1.4152500e+02   1.2682400e+02   2.3499900e+02
   1.5984500e+02   1.7644600e+02   2.3782600e+02
   1.7394100e+02   1.5553500e+02   2.5040300e+02
   9.4711000e+01   9.0474000e+01   2.4975400e+02
   9.2840000e+01   9.6487000e+01   2.6654700e+02
   1.2154500e+02   1.1846200e+02   2.3767400e+02
   1.3128000e+02   1.0756700e+02   2.5581100e+02
   1.3982500e+02   1.0618400e+02   1.8663300e+02
   1.7450900e+02   9.5288000e+01   2.5814800e+02
   9.8361000e+01   1.5692300e+02   2.5489600e+02
   1.4676300e+02   1.5058600e+02   2.4650000e+02
   1.6022400e+02   1.2412400e+02   2.4679600e+02
   1.7676700e+02   1.5239200e+02   2.3155200e+02
   1.6646700e+02   9.8639000e+01   1.8361700e+02
   1.6529200e+02   1.1751000e+02   2.5505300e+02
   1.7938200e+02   1.1915100e+02   1.8068400e+02
   1.0044800e+02   9.6825000e+01   1.9281300e+02
   9.3323000e+01   1.4962100e+02   2.5030900e+02
   1.6503100e+02   1.2029800e+02   2.6378700e+02
   1.3529300e+02   1.1787300e+02   2.4043500e+02
   1.7107100e+02   1.4248000e+02   2.4561500e+02
   1.6621400e+02   1.7382700e+02   2.3414000e+02
   9.3442000e+01   9.2522000e+01   2.1340200e+02
   9.9443000e+01   9.1982000e+01   2.4580200e+02
   1.0357400e+02   1.0083000e+02   1.8557600e+02
   1.2368200e+02   1.5074600e+02   2.4775200e+02
   1.7633900e+02   1.0352300e+02   2.6351500e+02
   1.0214600e+02   9.0367000e+01   1.9707300e+02
   1.5357700e+02   1.5926200e+02   2.6230700e+02
   1.6497000e+02   1.5662200e+02   2.3723800e+02
   1.4576300e+02   1.2170800e+02   1.9517800e+02
   1.6771400e+02   1.4550000e+02   2.6899500e+02
   1.4134900e+02   1.3069500e+02   1.9020100e+02
   1.0156600e+02   9.0448000e+01   1.8039600e+02
   1.1339100e+02   1.1520100e+02   2.3827600e+02
   1.5272300e+02   9.8758000e+01   1.9521700e+02
   1.4175000e+02   1.6037700e+02   2.4874400e+02
   1.5633500e+02   1.2274400e+02   2.5413000e+02
   1.2084500e+02   1.1655000e+02   2.5948300e+02
   1.6664600e+02   1.6699900e+02   2.6332300e+02
   1.2766200e+02   9.9388000e+01   2.5491000e+02
   1.0638700e+02   9.6779000e+01   2.5863400e+02
   1.1583800e+02   1.3335700e+02   2.0845800e+02
   1.5745500e+02   1.2943100e+02   1.9908100e+02
   1.7720100e+02   1.1698300e+02   2.6222400e+02
   1.7423200e+02   1.3179000e+02   2.5318800e+02
   9.3373000e+01   1.2851600e+02   1.9578500e+02
   1.6614900e+02   1.6305800e+02   2.6631100e+02
   1.7745900e+02   1.0229900e+02   1.8832200e+02
   1.6798900e+02   1.3940800e+02   1.8391400e+02
   1.0053900e+02   1.0251400e+02   2.3465900e+02
   1.6744200e+02   1.4991900e+02   2.1035300e+02
   1.6522800e+02   1.5984300e+02   2.4571900e+02
   1.7377900e+02   1.0122400e+02   1.8306800e+02
   1.7789100e+02   1.2634700e+02   1.8919600e+02
   9.7155000e+01   9.7714000e+01   2.6542100e+02
   1.4641100e+02   9.4383000e+01   2.5970300e+02
   1.7477000e+02   1.1224600e+02   2.6986500e+02
   1.7221600e+02   1.2915600e+02   2.4286600e+02
   1.2940900e+02   9.8219000e+01   1.9645300e+02
   1.0516700e+02   1.1091100e+02   2.6229300e+02
   1.6961200e+02   1.4864900e+02   2.2001900e+02
   1.7090600e+02   1.6419400e+02   2.5339100e+02
   1.6065000e+02   1.0708400e+02   1.9982800e+02
   1.2729100e+02   1.1479400e+02   2.3995100e+02
   1.7605300e+02   1.1265800e+02   2.6144700e+02
   1.0496400e+02   1.5502100e+02   1.8713900e+02
   1.6380800e+02   1.4960000e+02   1.8673500e+02
   1.6663200e+02   1.6742500e+02   2.6073300e+02
   1.2760500e+02   1.1411600e+02   2.1606900e+02
   1.4467500e+02   1.0127000e+02   2.1496800e+02
   1.0119300e+02   9.0451000e+01   1.9140700e+02
   1.6768700e+02   1.6989800e+02   1.8617700e+02
   1.7855000e+02   9.4507000e+01   2.6900000e+02
   1.4631800e+02   1.1378500e+02   2.6217700e+02
   1.3249600e+02   1.0368300e+02   2.4259100e+02
   1.7502000e+02   1.0850700e+02   2.6274900e+02
   1.3910800e+02   1.0928700e+02   2.4478000e+02
   1.7711100e+02   1.1502500e+02   2.5531600e+02
   1.2049900e+02   1.2727900e+02   2.1162000e+02
   1.3624300e+02   1.4083700e+02   2.4218700e+02
   1.7748400e+02   1.4773400e+02   2.5990600e+02
   9.0154000e+01   9.6797000e+01   2.5265800e+02
   1.3362000e+02   1.2089300e+02   1.9899000e+02
   1.7687200e+02   9.3999000e+01   2.6833300e+02
   1.7278700e+02   1.1894300e+02   2.5873900e+02
   1.3368000e+02   1.2677600e+02   2.2557500e+02
   1.6883800e+02   1.1188700e+02   2.6477000e+02
   1.7268600e+02   1.4043200e+02   2.2276800e+02
   1.7818400e+02   1.5166800e+02   2.6331200e+02
   1.5778500e+02   1.7259900e+02   2.5174300e+02
   1.7357600e+02   1.6655500e+02   1.8092000e+02
   1.4432600e+02   1.2414600e+02   1.9339500e+02
   1.1998500e+02   9.5552000e+01   2.5842000e+02
   1.6489600e+02   1.2594400e+02   2.5847800e+02
   1.7067000e+02   1.7045100e+02   2.4853800e+02
   1.6868900e+02   1.2401300e+02   2.0152000e+02
   1.4506500e+02   1.4904800e+02   2.2216400e+02
   1.4267600e+02   1.0920200e+02   2.5146300e+02
   1.6406700e+02   1.6126600e+02   2.0900200e+02
   1.4112900e+02   1.0676000e+02   2.1953600e+02
   1.7943100e+02   1.1997700e+02   1.8753400e+02
   1.3299600e+02   9.6603000e+01   2.3451600e+02
   1.1209700e+02   1.3013200e+02   2.2998100e+02
   1.3198000e+02   9.9784000e+01   2.5441800e+02
   1.7926100e+02   9.8240000e+01   2.0193500e+02
   1.7944800e+02   1.3048700e+02   2.1271300e+02
