1 -1 0
1 -0.5 -0.5
1 0 -1
0 1 -1
-0.5 1 -0.5
-0.125 1 -0.875
0.25 -0.75 0.50
0.6 0.4 -1
1 -0.1 -0.9
1 -0.2 -0.8
1 -0.3 -0.7
1 -0.4 -0.6
1 -0.6 -0.4
1 -0.7 -0.3
1 -0.75 -0.25
1 -0.8 -0.2
1 -0.9 -0.1
1 -0.95 -0.05
1 -0.99 -0.01
-0.1 1 -0.9
-0.2 1 -0.8
-0.3 1 -0.7
-0.4 1 -0.6
-0.6 1 -0.4
-0.7 1 -0.3
-0.75 1 -0.25
-0.8 1 -0.2
-0.9 1 -0.1
-1 1 0
0 -1 1
-0.1 -0.9 1
-0.2 -0.8 1
-0.3 -0.7 1
-0.4 -0.6 1
-0.5 -0.5 1
-0.6 -0.4 1
-0.7 -0.3 1
-0.75 -0.25 1
-0.8 -0.2 1
-0.9 -0.1 1
-0.99 -0.01 1
-1 0 1
0.2 0.8 -1
0.3 0.7 -1
0.4 0.6 -1
0.5 0.5 -1
0.6 0.4 -1
0.7 0.3 -1
0.75 0.25 -1
0.01 0.99 -1
0.05 0.95 -1
0.1 0.9 -1
1 -0.9 -0.1
1 -0.95 -0.05
1 -0.99 -0.01

